   2.5376671e+00   1.7786105e+00   1.0000000e+00
   3.8338850e+00   3.1094023e+00   1.0000000e+00
  -2.5884686e-01   1.2829792e+00   1.0000000e+00
   2.8621733e+00   1.4252721e+00   1.0000000e+00
   2.3187652e+00   2.9903136e+00   1.0000000e+00
   6.9231170e-01   5.1674666e+00   1.0000000e+00
   1.5664080e+00   1.9115280e+00   1.0000000e+00
   2.3426245e+00   3.5252090e+00   1.0000000e+00
   5.5783969e+00   2.6809755e+00   1.0000000e+00
   4.7694370e+00   4.5801802e+00   1.0000000e+00
   6.5011306e-01   1.4598305e+00   1.0000000e+00
   5.0349235e+00   3.0460432e+00   1.0000000e+00
   2.7254042e+00   3.7813912e+00   1.0000000e+00
   1.9369451e+00   4.5564979e+00   1.0000000e+00
   2.7147429e+00   5.1838454e+00   1.0000000e+00
   1.7950339e+00   3.1215250e+00   1.0000000e+00
   1.8758557e+00   8.9057275e-01   1.0000000e+00
   3.4896976e+00   1.9502267e+00   1.0000000e+00
   3.4090345e+00   1.4986967e+00   1.0000000e+00
   3.4171924e+00   6.3240485e+00   1.0000000e+00
   2.6714971e+00   2.1294075e+00   1.0000000e+00
   7.9251308e-01   4.0579403e+00   1.0000000e+00
   2.7172387e+00   2.7278791e+00   1.0000000e+00
   3.6302353e+00   4.2566849e+00   1.0000000e+00
   2.4888938e+00   1.9183398e+00   1.0000000e+00
   3.0346930e+00   1.0168922e+00   1.0000000e+00
   2.7268851e+00   9.8845668e-01   1.0000000e+00
   1.6965591e+00   3.6904104e+00   1.0000000e+00
   2.2938715e+00   2.7491536e+00   1.0000000e+00
   1.2127172e+00   2.7227385e+00   1.0000000e+00
   2.8883956e+00   5.0072077e+00   1.0000000e+00
   8.5292989e-01   3.4123626e+00   1.0000000e+00
   9.3112954e-01   3.2797471e+00   1.0000000e+00
   1.1905013e+00   5.2453456e+00   1.0000000e+00
  -9.4428416e-01   1.8623133e+00   1.0000000e+00
   3.4383803e+00   3.9851757e+00   1.0000000e+00
   2.3251905e+00   4.1809930e+00   1.0000000e+00
   1.2450717e+00   2.6553347e+00   1.0000000e+00
   3.3702985e+00   3.3050036e+00   1.0000000e+00
   2.8848358e-01   1.3512477e+00   1.0000000e+00
   1.8977576e+00   1.3765496e+00   1.0000000e+00
   1.7585530e+00   3.1483152e+00   1.0000000e+00
   2.3192067e+00   4.0214214e+00   1.0000000e+00
   2.3128586e+00   6.6564368e+00   1.0000000e+00
   1.1351201e+00   2.0568742e+00   1.0000000e+00
   1.9699487e+00   3.2649261e+00   1.0000000e+00
   1.8351210e+00   2.8833353e+00   1.0000000e+00
   2.6277073e+00   2.6629277e-01   1.0000000e+00
   3.0932657e+00   2.3792081e+00   1.0000000e+00
   3.1092733e+00   4.6194084e-01   1.0000000e+00
   7.8403755e+00   8.7354760e+00   2.0000000e+00
   6.1119679e+00   7.9716763e+00   2.0000000e+00
   7.1000928e+00   7.9508263e+00   2.0000000e+00
   6.4554711e+00   6.8712262e+00   2.0000000e+00
   7.3035208e+00   9.4406385e+00   2.0000000e+00
   6.3996734e+00   7.8116020e+00   2.0000000e+00
   7.4899653e+00   6.9895018e+00   2.0000000e+00
   7.7393631e+00   9.9111481e+00   2.0000000e+00
   8.7118878e+00   7.6821257e+00   2.0000000e+00
   6.8058765e+00   7.1669872e+00   2.0000000e+00
   4.8616447e+00   7.5845697e+00   2.0000000e+00
   6.1604113e+00   6.8008512e+00   2.0000000e+00
   8.3545943e+00   6.4158994e+00   2.0000000e+00
   5.9278447e+00   1.1572303e+01   2.0000000e+00
   7.9609539e+00   1.0341227e+01   2.0000000e+00
   7.1240498e+00   8.4349204e+00   2.0000000e+00
   8.4366966e+00   6.2221662e+00   2.0000000e+00
   5.0391000e+00   6.7760434e+00   2.0000000e+00
   6.8023018e+00   7.7503431e+00   2.0000000e+00
   5.7921545e+00   9.1192313e+00   2.0000000e+00
   9.9080080e+00   6.1162613e+00   2.0000000e+00
   7.8252189e+00   4.7050703e+00   2.0000000e+00
   8.3789720e+00   5.9506670e+00   2.0000000e+00
   5.9418197e+00   8.4716555e+00   2.0000000e+00
   6.5313844e+00   8.5534576e+00   2.0000000e+00
   6.7275306e+00   8.6387712e+00   2.0000000e+00
   8.0984246e+00   7.8157497e+00   2.0000000e+00
   6.7221281e+00   8.2597756e+00   2.0000000e+00
   7.7015415e+00   7.3266179e+00   2.0000000e+00
   4.9481837e+00   9.2190827e+00   2.0000000e+00
   6.6461500e+00   6.0742732e+00   2.0000000e+00
   6.1764135e+00   8.6435090e+00   2.0000000e+00
   5.4229430e+00   6.7997437e+00   2.0000000e+00
   7.5079747e+00   7.5263983e+00   2.0000000e+00
   7.2819841e+00   8.7817537e+00   2.0000000e+00
   7.0334799e+00   9.4694961e+00   2.0000000e+00
   5.6663221e+00   6.4194202e+00   2.0000000e+00
   8.1274923e+00   9.7828406e+00   2.0000000e+00
   7.3501794e+00   8.9335834e+00   2.0000000e+00
   6.7009340e+00   7.9040236e+00   2.0000000e+00
   7.0228898e+00   7.7239155e+00   2.0000000e+00
   6.7380046e+00   7.6922581e+00   2.0000000e+00
   5.2497876e+00   7.5713411e+00   2.0000000e+00
   6.7143490e+00   8.0325914e+00   2.0000000e+00
   6.1686335e+00   8.0725355e+00   2.0000000e+00
   6.0207937e+00   9.1682292e+00   2.0000000e+00
   5.8435983e+00   1.0159471e+01   2.0000000e+00
   6.4664429e+00   8.6603167e+00   2.0000000e+00
   4.9973643e+00   7.7034206e+00   2.0000000e+00
   7.9642294e+00   8.8841527e+00   2.0000000e+00
   7.1832273e+00   1.9617281e+00   3.0000000e+00
   5.9702325e+00   2.9564228e+00   3.0000000e+00
   7.9492218e+00   3.3285883e+00   3.0000000e+00
   7.3070619e+00   3.6030031e+00   3.0000000e+00
   7.1351749e+00   2.4727688e+00   3.0000000e+00
   7.5152463e+00   2.6656027e+00   3.0000000e+00
   7.2614063e+00   5.8619311e+00   3.0000000e+00
   6.0585142e+00  -1.9379481e-01   3.0000000e+00
   6.8376623e+00   6.1529123e+00   3.0000000e+00
   6.8539454e+00   3.4773872e+00   3.0000000e+00
   6.4679886e+00   4.4142996e+00   3.0000000e+00
   8.6821036e+00   6.4651603e-01   3.0000000e+00
   6.1242707e+00   2.1655651e+00   3.0000000e+00
   6.5161849e+00   2.6067579e+00   3.0000000e+00
   6.2879955e+00   3.5978103e+00   3.0000000e+00
   5.8257877e+00   6.3797952e-01   3.0000000e+00
   6.8077605e+00   3.6669917e+00   3.0000000e+00
   6.7259298e+00   1.2847750e+00   3.0000000e+00
   8.5300725e+00   3.0936069e+00   3.0000000e+00
   6.7509753e+00   3.9225705e+00   3.0000000e+00
   5.9357866e+00   3.4625326e+00   3.0000000e+00
   8.6034573e+00   4.5310750e+00   3.0000000e+00
   8.2346791e+00   4.4228079e+00   3.0000000e+00
   6.7703735e+00   2.0794775e+00   3.0000000e+00
   5.4938403e+00   3.3635323e+00   3.0000000e+00
   6.5553722e+00   1.6644481e+00   3.0000000e+00
   6.8440590e+00   1.1307087e+00   3.0000000e+00
   7.2760683e+00   4.3079014e+00   3.0000000e+00
   6.7388364e+00   3.0000705e+00   3.0000000e+00
   7.4434219e+00   2.9223329e+00   3.0000000e+00
   7.3918942e+00   4.2885285e+00   3.0000000e+00
   5.7493211e+00   3.8408683e+00   3.0000000e+00
   6.0520391e+00   3.4952592e+00   3.0000000e+00
   6.2588939e+00   4.7681222e+00   3.0000000e+00
   6.4921824e+00   4.3149209e+00   3.0000000e+00
   6.6794245e+00   3.3390764e+00   3.0000000e+00
   7.0124690e+00   2.0236820e+00   3.0000000e+00
   3.9708227e+00   2.0785640e+00   3.0000000e+00
   6.5429854e+00   4.6858866e+00   3.0000000e+00
   8.2424484e+00   7.2052760e-01   3.0000000e+00
   5.9332986e+00   2.9654056e+00   3.0000000e+00
   7.9337282e+00   2.4391389e-01   3.0000000e+00
   7.3503210e+00   4.4432021e+00   3.0000000e+00
   6.9709942e+00   4.2186509e+00   3.0000000e+00
   7.1824522e+00   3.0016434e+00   3.0000000e+00
   5.4349440e+00   2.8998211e+00   3.0000000e+00
   6.9154605e+00  -5.1613644e-01   3.0000000e+00
   8.6039464e+00   3.8219018e+00   3.0000000e+00
   7.0983478e+00  -1.0057120e-01   3.0000000e+00
   7.0413736e+00  -2.7995766e-01   3.0000000e+00
