   2.0200000e+01   1.6890000e+01   8.8940000e-01   6.2850000e+00   3.8640000e+00   5.1730000e+00   6.1870000e+00   2.0000000e+00
   1.2260000e+01   1.3600000e+01   8.3330000e-01   5.4080000e+00   2.8330000e+00   4.7560000e+00   5.3600000e+00   3.0000000e+00
   1.7980000e+01   1.5850000e+01   8.9930000e-01   5.9790000e+00   3.6870000e+00   2.2570000e+00   5.9190000e+00   2.0000000e+00
   2.0970000e+01   1.7250000e+01   8.8590000e-01   6.5630000e+00   3.9910000e+00   4.6770000e+00   6.3160000e+00   2.0000000e+00
   1.4920000e+01   1.4430000e+01   9.0060000e-01   5.3840000e+00   3.4120000e+00   1.1420000e+00   5.0880000e+00   1.0000000e+00
   1.8550000e+01   1.6220000e+01   8.8650000e-01   6.1530000e+00   3.6740000e+00   1.7380000e+00   5.8940000e+00   2.0000000e+00
   1.2440000e+01   1.3590000e+01   8.4620000e-01   5.3190000e+00   2.8970000e+00   4.9240000e+00   5.2700000e+00   3.0000000e+00
   1.0790000e+01   1.2930000e+01   8.1070000e-01   5.3170000e+00   2.6480000e+00   5.4620000e+00   5.1940000e+00   3.0000000e+00
   1.5360000e+01   1.4760000e+01   8.8610000e-01   5.7010000e+00   3.3930000e+00   1.3670000e+00   5.1320000e+00   1.0000000e+00
   1.4990000e+01   1.4560000e+01   8.8830000e-01   5.5700000e+00   3.3770000e+00   2.9580000e+00   5.1750000e+00   1.0000000e+00
   1.3540000e+01   1.3850000e+01   8.8710000e-01   5.3480000e+00   3.1560000e+00   2.5870000e+00   5.1780000e+00   1.0000000e+00
   1.4340000e+01   1.4370000e+01   8.7260000e-01   5.6300000e+00   3.1900000e+00   1.3130000e+00   5.1500000e+00   1.0000000e+00
   1.1180000e+01   1.3040000e+01   8.2660000e-01   5.2200000e+00   2.6930000e+00   3.3320000e+00   5.0010000e+00   3.0000000e+00
   1.2110000e+01   1.3270000e+01   8.6390000e-01   5.2360000e+00   2.9750000e+00   4.1320000e+00   5.0120000e+00   3.0000000e+00
   1.9180000e+01   1.6630000e+01   8.7170000e-01   6.3690000e+00   3.6810000e+00   3.3570000e+00   6.2290000e+00   2.0000000e+00
   1.6230000e+01   1.5180000e+01   8.8500000e-01   5.8720000e+00   3.4720000e+00   3.7690000e+00   5.9220000e+00   2.0000000e+00
   1.9510000e+01   1.6710000e+01   8.7800000e-01   6.3660000e+00   3.8010000e+00   2.9620000e+00   6.1850000e+00   2.0000000e+00
   1.2210000e+01   1.3470000e+01   8.4530000e-01   5.3570000e+00   2.8930000e+00   1.6610000e+00   5.1780000e+00   3.0000000e+00
   1.6840000e+01   1.5670000e+01   8.6230000e-01   5.9980000e+00   3.4840000e+00   4.6750000e+00   5.8770000e+00   2.0000000e+00
   1.4030000e+01   1.4160000e+01   8.7960000e-01   5.4380000e+00   3.2010000e+00   1.7170000e+00   5.0010000e+00   1.0000000e+00
   1.8830000e+01   1.6290000e+01   8.9170000e-01   6.0370000e+00   3.7860000e+00   2.5530000e+00   5.8790000e+00   2.0000000e+00
   1.4430000e+01   1.4400000e+01   8.7510000e-01   5.5850000e+00   3.2720000e+00   3.9750000e+00   5.1440000e+00   1.0000000e+00
   1.3070000e+01   1.3920000e+01   8.4800000e-01   5.4720000e+00   2.9940000e+00   5.3040000e+00   5.3950000e+00   3.0000000e+00
   1.1140000e+01   1.2790000e+01   8.5580000e-01   5.0110000e+00   2.7940000e+00   6.3880000e+00   5.0490000e+00   3.0000000e+00
   1.6870000e+01   1.5650000e+01   8.6480000e-01   6.1390000e+00   3.4630000e+00   3.6960000e+00   5.9670000e+00   2.0000000e+00
   1.5500000e+01   1.4860000e+01   8.8200000e-01   5.8770000e+00   3.3960000e+00   4.7110000e+00   5.5280000e+00   1.0000000e+00
   1.0740000e+01   1.2730000e+01   8.3290000e-01   5.1450000e+00   2.6420000e+00   4.7020000e+00   4.9630000e+00   3.0000000e+00
   1.8810000e+01   1.6290000e+01   8.9060000e-01   6.2720000e+00   3.6930000e+00   3.2370000e+00   6.0530000e+00   2.0000000e+00
   1.8850000e+01   1.6170000e+01   9.0560000e-01   6.1520000e+00   3.8060000e+00   2.8430000e+00   6.2000000e+00   2.0000000e+00
   1.1870000e+01   1.3020000e+01   8.7950000e-01   5.1320000e+00   2.9530000e+00   3.5970000e+00   5.1320000e+00   3.0000000e+00
   1.1270000e+01   1.2860000e+01   8.5630000e-01   5.0910000e+00   2.8040000e+00   3.9850000e+00   5.0010000e+00   3.0000000e+00
   1.9140000e+01   1.6610000e+01   8.7220000e-01   6.2590000e+00   3.7370000e+00   6.6820000e+00   6.0530000e+00   2.0000000e+00
   1.2300000e+01   1.3340000e+01   8.6840000e-01   5.2430000e+00   2.9740000e+00   5.6370000e+00   5.0630000e+00   3.0000000e+00
   1.2550000e+01   1.3570000e+01   8.5580000e-01   5.3330000e+00   2.9680000e+00   4.4190000e+00   5.1760000e+00   3.0000000e+00
   1.3940000e+01   1.4170000e+01   8.7280000e-01   5.5850000e+00   3.1500000e+00   2.1240000e+00   5.0120000e+00   1.0000000e+00
   1.2190000e+01   1.3360000e+01   8.5790000e-01   5.2400000e+00   2.9090000e+00   4.8570000e+00   5.1580000e+00   3.0000000e+00
   1.2700000e+01   1.3410000e+01   8.8740000e-01   5.1830000e+00   3.0910000e+00   8.4560000e+00   5.0000000e+00   3.0000000e+00
   1.4790000e+01   1.4520000e+01   8.8190000e-01   5.5450000e+00   3.2910000e+00   2.7040000e+00   5.1110000e+00   1.0000000e+00
   1.3840000e+01   1.3940000e+01   8.9550000e-01   5.3240000e+00   3.3790000e+00   2.2590000e+00   4.8050000e+00   1.0000000e+00
   1.3500000e+01   1.3850000e+01   8.8520000e-01   5.3510000e+00   3.1580000e+00   2.2490000e+00   5.1760000e+00   1.0000000e+00
   1.8890000e+01   1.6230000e+01   9.0080000e-01   6.2270000e+00   3.7690000e+00   3.6390000e+00   5.9660000e+00   2.0000000e+00
   1.8880000e+01   1.6260000e+01   8.9690000e-01   6.0840000e+00   3.7640000e+00   1.6490000e+00   6.1090000e+00   2.0000000e+00
   1.4700000e+01   1.4210000e+01   9.1530000e-01   5.2050000e+00   3.4660000e+00   1.7670000e+00   4.6490000e+00   1.0000000e+00
   1.4110000e+01   1.4260000e+01   8.7220000e-01   5.5200000e+00   3.1680000e+00   2.6880000e+00   5.2190000e+00   1.0000000e+00
   1.1340000e+01   1.2870000e+01   8.5960000e-01   5.0530000e+00   2.8490000e+00   3.3470000e+00   5.0030000e+00   3.0000000e+00
   1.3320000e+01   1.3940000e+01   8.6130000e-01   5.5410000e+00   3.0730000e+00   7.0350000e+00   5.4400000e+00   3.0000000e+00
   1.6170000e+01   1.5380000e+01   8.5880000e-01   5.7620000e+00   3.3870000e+00   4.2860000e+00   5.7030000e+00   2.0000000e+00
   1.4290000e+01   1.4090000e+01   9.0500000e-01   5.2910000e+00   3.3370000e+00   2.6990000e+00   4.8250000e+00   1.0000000e+00
   1.0830000e+01   1.2960000e+01   8.0990000e-01   5.2780000e+00   2.6410000e+00   5.1820000e+00   5.1850000e+00   3.0000000e+00
   1.3740000e+01   1.4050000e+01   8.7440000e-01   5.4820000e+00   3.1140000e+00   2.9320000e+00   4.8250000e+00   1.0000000e+00
   1.2010000e+01   1.3520000e+01   8.2490000e-01   5.4050000e+00   2.7760000e+00   6.9920000e+00   5.2700000e+00   3.0000000e+00
   1.5490000e+01   1.4940000e+01   8.7240000e-01   5.7570000e+00   3.3710000e+00   3.4120000e+00   5.2280000e+00   1.0000000e+00
   1.5110000e+01   1.4540000e+01   8.9860000e-01   5.5790000e+00   3.4620000e+00   3.1280000e+00   5.1800000e+00   1.0000000e+00
   1.0800000e+01   1.2570000e+01   8.5900000e-01   4.9810000e+00   2.8210000e+00   4.7730000e+00   5.0630000e+00   3.0000000e+00
   1.2020000e+01   1.3330000e+01   8.5030000e-01   5.3500000e+00   2.8100000e+00   4.2710000e+00   5.3080000e+00   3.0000000e+00
   1.5260000e+01   1.4840000e+01   8.7100000e-01   5.7630000e+00   3.3120000e+00   2.2210000e+00   5.2200000e+00   1.0000000e+00
   1.5050000e+01   1.4680000e+01   8.7790000e-01   5.7120000e+00   3.3280000e+00   2.1290000e+00   5.3600000e+00   1.0000000e+00
   1.2780000e+01   1.3570000e+01   8.7160000e-01   5.2620000e+00   3.0260000e+00   1.1760000e+00   4.7820000e+00   1.0000000e+00
   1.1230000e+01   1.2630000e+01   8.8400000e-01   4.9020000e+00   2.8790000e+00   2.2690000e+00   4.7030000e+00   1.0000000e+00
   1.1490000e+01   1.3220000e+01   8.2630000e-01   5.3040000e+00   2.6950000e+00   5.3880000e+00   5.3100000e+00   3.0000000e+00
   1.5560000e+01   1.4890000e+01   8.8230000e-01   5.7760000e+00   3.4080000e+00   4.9720000e+00   5.8470000e+00   2.0000000e+00
   1.1270000e+01   1.2970000e+01   8.4190000e-01   5.0880000e+00   2.7630000e+00   4.3090000e+00   5.0000000e+00   3.0000000e+00
   1.1260000e+01   1.3010000e+01   8.3550000e-01   5.1860000e+00   2.7100000e+00   5.3350000e+00   5.0920000e+00   3.0000000e+00
   1.5990000e+01   1.4890000e+01   9.0640000e-01   5.3630000e+00   3.5820000e+00   3.3360000e+00   5.1440000e+00   2.0000000e+00
   1.1350000e+01   1.3120000e+01   8.2910000e-01   5.1760000e+00   2.6680000e+00   4.3370000e+00   5.1320000e+00   3.0000000e+00
   1.2100000e+01   1.3150000e+01   8.7930000e-01   5.1050000e+00   2.9410000e+00   2.2010000e+00   5.0560000e+00   3.0000000e+00
   1.8170000e+01   1.6260000e+01   8.6370000e-01   6.2710000e+00   3.5120000e+00   2.8530000e+00   6.2730000e+00   2.0000000e+00
   1.5780000e+01   1.4910000e+01   8.9230000e-01   5.6740000e+00   3.4340000e+00   5.5930000e+00   5.1360000e+00   1.0000000e+00
   1.1240000e+01   1.3000000e+01   8.3590000e-01   5.0900000e+00   2.7150000e+00   3.5210000e+00   5.0880000e+00   3.0000000e+00
   1.8940000e+01   1.6320000e+01   8.9420000e-01   6.1440000e+00   3.8250000e+00   2.9080000e+00   5.9490000e+00   2.0000000e+00
   1.5380000e+01   1.4660000e+01   8.9900000e-01   5.4770000e+00   3.4650000e+00   3.6000000e+00   5.4390000e+00   2.0000000e+00
   1.4800000e+01   1.4520000e+01   8.8230000e-01   5.6560000e+00   3.2880000e+00   3.1120000e+00   5.3090000e+00   1.0000000e+00
   1.6440000e+01   1.5250000e+01   8.8800000e-01   5.8840000e+00   3.5050000e+00   1.9690000e+00   5.5330000e+00   1.0000000e+00
   1.7080000e+01   1.5380000e+01   9.0790000e-01   5.8320000e+00   3.6830000e+00   2.9560000e+00   5.4840000e+00   1.0000000e+00
   1.2730000e+01   1.3750000e+01   8.4580000e-01   5.4120000e+00   2.8820000e+00   3.5330000e+00   5.0670000e+00   1.0000000e+00
   1.0910000e+01   1.2800000e+01   8.3720000e-01   5.0880000e+00   2.6750000e+00   4.1790000e+00   4.9560000e+00   3.0000000e+00
   1.7630000e+01   1.5980000e+01   8.6730000e-01   6.1910000e+00   3.5610000e+00   4.0760000e+00   6.0600000e+00   2.0000000e+00
   1.1020000e+01   1.3000000e+01   8.1890000e-01   5.3250000e+00   2.7010000e+00   6.7350000e+00   5.1630000e+00   3.0000000e+00
   1.6190000e+01   1.5160000e+01   8.8490000e-01   5.8330000e+00   3.4210000e+00   9.0300000e-01   5.3070000e+00   1.0000000e+00
   1.8940000e+01   1.6490000e+01   8.7500000e-01   6.4450000e+00   3.6390000e+00   5.0640000e+00   6.3620000e+00   2.0000000e+00
   1.2540000e+01   1.3670000e+01   8.4250000e-01   5.4510000e+00   2.8790000e+00   3.0820000e+00   5.4910000e+00   3.0000000e+00
   1.1180000e+01   1.2720000e+01   8.6800000e-01   5.0090000e+00   2.8100000e+00   4.0510000e+00   4.8280000e+00   3.0000000e+00
   1.8960000e+01   1.6200000e+01   9.0770000e-01   6.0510000e+00   3.8970000e+00   4.3340000e+00   5.7500000e+00   2.0000000e+00
   1.9130000e+01   1.6310000e+01   9.0350000e-01   6.1830000e+00   3.9020000e+00   2.1090000e+00   5.9240000e+00   2.0000000e+00
   1.9570000e+01   1.6740000e+01   8.7790000e-01   6.3840000e+00   3.7720000e+00   1.4720000e+00   6.2730000e+00   2.0000000e+00
   1.6630000e+01   1.5460000e+01   8.7470000e-01   6.0530000e+00   3.4650000e+00   2.0400000e+00   5.8770000e+00   1.0000000e+00
   1.4380000e+01   1.4210000e+01   8.9510000e-01   5.3860000e+00   3.3120000e+00   2.4620000e+00   4.9560000e+00   1.0000000e+00
   1.3200000e+01   1.3660000e+01   8.8830000e-01   5.2360000e+00   3.2320000e+00   8.3150000e+00   5.0560000e+00   3.0000000e+00
   1.4160000e+01   1.4400000e+01   8.5840000e-01   5.6580000e+00   3.1290000e+00   3.0720000e+00   5.1760000e+00   1.0000000e+00
   1.7630000e+01   1.5860000e+01   8.8000000e-01   6.0330000e+00   3.5730000e+00   3.7470000e+00   5.9290000e+00   2.0000000e+00
   1.5690000e+01   1.4750000e+01   9.0580000e-01   5.5270000e+00   3.5140000e+00   1.5990000e+00   5.0460000e+00   1.0000000e+00
   1.4010000e+01   1.4290000e+01   8.6250000e-01   5.6090000e+00   3.1580000e+00   2.2170000e+00   5.1320000e+00   1.0000000e+00
   1.4880000e+01   1.4570000e+01   8.8110000e-01   5.5540000e+00   3.3330000e+00   1.0180000e+00   4.9560000e+00   1.0000000e+00
   1.7990000e+01   1.5860000e+01   8.9920000e-01   5.8900000e+00   3.6940000e+00   2.0680000e+00   5.8370000e+00   2.0000000e+00
   1.1210000e+01   1.3130000e+01   8.1670000e-01   5.2790000e+00   2.6870000e+00   6.1690000e+00   5.2750000e+00   3.0000000e+00
   1.5570000e+01   1.5150000e+01   8.5270000e-01   5.9200000e+00   3.2310000e+00   2.6400000e+00   5.8790000e+00   2.0000000e+00
   1.3370000e+01   1.3780000e+01   8.8490000e-01   5.3200000e+00   3.1280000e+00   4.6700000e+00   5.0910000e+00   3.0000000e+00
   1.8760000e+01   1.6200000e+01   8.9840000e-01   6.1720000e+00   3.7960000e+00   3.1200000e+00   6.0530000e+00   2.0000000e+00
   1.8650000e+01   1.6410000e+01   8.6980000e-01   6.2850000e+00   3.5940000e+00   4.3910000e+00   6.1020000e+00   2.0000000e+00
   1.2790000e+01   1.3530000e+01   8.7860000e-01   5.2240000e+00   3.0540000e+00   5.4830000e+00   4.9580000e+00   3.0000000e+00
   1.3450000e+01   1.4020000e+01   8.6040000e-01   5.5160000e+00   3.0650000e+00   3.5310000e+00   5.0970000e+00   1.0000000e+00
   1.3160000e+01   1.3550000e+01   9.0090000e-01   5.1380000e+00   3.2010000e+00   2.4610000e+00   4.7830000e+00   1.0000000e+00
   1.1400000e+01   1.3080000e+01   8.3750000e-01   5.1360000e+00   2.7630000e+00   5.5880000e+00   5.0890000e+00   3.0000000e+00
   1.0930000e+01   1.2800000e+01   8.3900000e-01   5.0460000e+00   2.7170000e+00   5.3980000e+00   5.0450000e+00   3.0000000e+00
   1.0820000e+01   1.2830000e+01   8.2560000e-01   5.1800000e+00   2.6300000e+00   4.8530000e+00   5.0890000e+00   3.0000000e+00
   1.3340000e+01   1.3950000e+01   8.6200000e-01   5.3890000e+00   3.0740000e+00   5.9950000e+00   5.3070000e+00   3.0000000e+00
   1.2760000e+01   1.3380000e+01   8.9640000e-01   5.0730000e+00   3.1550000e+00   2.8280000e+00   4.8300000e+00   3.0000000e+00
   1.4330000e+01   1.4280000e+01   8.8310000e-01   5.5040000e+00   3.1990000e+00   3.3280000e+00   5.2240000e+00   1.0000000e+00
   1.1650000e+01   1.3070000e+01   8.5750000e-01   5.1080000e+00   2.8500000e+00   5.2090000e+00   5.1350000e+00   3.0000000e+00
   1.1840000e+01   1.3210000e+01   8.5210000e-01   5.1750000e+00   2.8360000e+00   3.5980000e+00   5.0440000e+00   3.0000000e+00
   1.1820000e+01   1.3400000e+01   8.2740000e-01   5.3140000e+00   2.7770000e+00   4.4710000e+00   5.1780000e+00   3.0000000e+00
   1.4690000e+01   1.4490000e+01   8.7990000e-01   5.5630000e+00   3.2590000e+00   3.5860000e+00   5.2190000e+00   1.0000000e+00
   1.2370000e+01   1.3470000e+01   8.5670000e-01   5.2040000e+00   2.9600000e+00   3.9190000e+00   5.0010000e+00   3.0000000e+00
   1.8300000e+01   1.5890000e+01   9.1080000e-01   5.9790000e+00   3.7550000e+00   2.8370000e+00   5.9620000e+00   2.0000000e+00
   1.4590000e+01   1.4280000e+01   8.9930000e-01   5.3510000e+00   3.3330000e+00   4.1850000e+00   4.7810000e+00   1.0000000e+00
   1.3800000e+01   1.4040000e+01   8.7940000e-01   5.3760000e+00   3.1550000e+00   1.5600000e+00   4.9610000e+00   1.0000000e+00
   1.2700000e+01   1.3710000e+01   8.4910000e-01   5.3860000e+00   2.9110000e+00   3.2600000e+00   5.3160000e+00   3.0000000e+00
   1.8450000e+01   1.6120000e+01   8.9210000e-01   6.1070000e+00   3.7690000e+00   2.2350000e+00   5.7940000e+00   2.0000000e+00
   1.5600000e+01   1.5110000e+01   8.5800000e-01   5.8320000e+00   3.2860000e+00   2.7250000e+00   5.7520000e+00   2.0000000e+00
   1.2150000e+01   1.3450000e+01   8.4430000e-01   5.4170000e+00   2.8370000e+00   3.6380000e+00   5.3380000e+00   3.0000000e+00
   1.8140000e+01   1.6120000e+01   8.7720000e-01   6.0590000e+00   3.5630000e+00   3.6190000e+00   6.0110000e+00   2.0000000e+00
   1.6200000e+01   1.5270000e+01   8.7340000e-01   5.8260000e+00   3.4640000e+00   2.8230000e+00   5.5270000e+00   1.0000000e+00
   1.1560000e+01   1.3310000e+01   8.1980000e-01   5.3630000e+00   2.6830000e+00   4.0620000e+00   5.1820000e+00   3.0000000e+00
   1.4490000e+01   1.4610000e+01   8.5380000e-01   5.7150000e+00   3.1130000e+00   4.1160000e+00   5.3960000e+00   1.0000000e+00
   1.1420000e+01   1.2860000e+01   8.6830000e-01   5.0080000e+00   2.8500000e+00   2.7000000e+00   4.6070000e+00   1.0000000e+00
   2.1180000e+01   1.7210000e+01   8.9890000e-01   6.5730000e+00   4.0330000e+00   5.7800000e+00   6.2310000e+00   2.0000000e+00
   1.8950000e+01   1.6420000e+01   8.8290000e-01   6.2480000e+00   3.7550000e+00   3.3680000e+00   6.1480000e+00   2.0000000e+00
   1.7260000e+01   1.5730000e+01   8.7630000e-01   5.9780000e+00   3.5940000e+00   4.5390000e+00   5.7910000e+00   2.0000000e+00
   1.5880000e+01   1.4900000e+01   8.9880000e-01   5.6180000e+00   3.5070000e+00   7.6510000e-01   5.0910000e+00   1.0000000e+00
   1.7550000e+01   1.5660000e+01   8.9910000e-01   5.7910000e+00   3.6900000e+00   5.3660000e+00   5.6610000e+00   2.0000000e+00
   1.2130000e+01   1.3730000e+01   8.0810000e-01   5.3940000e+00   2.7450000e+00   4.8250000e+00   5.2200000e+00   3.0000000e+00
   2.0240000e+01   1.6910000e+01   8.8970000e-01   6.3150000e+00   3.9620000e+00   5.9010000e+00   6.1880000e+00   2.0000000e+00
   1.6820000e+01   1.5510000e+01   8.7860000e-01   6.0170000e+00   3.4860000e+00   4.0040000e+00   5.8410000e+00   2.0000000e+00
   1.4520000e+01   1.4600000e+01   8.5570000e-01   5.7410000e+00   3.1130000e+00   1.4810000e+00   5.4870000e+00   1.0000000e+00
   1.1550000e+01   1.3100000e+01   8.4550000e-01   5.1670000e+00   2.8450000e+00   6.7150000e+00   4.9560000e+00   3.0000000e+00
   1.9150000e+01   1.6450000e+01   8.8900000e-01   6.2450000e+00   3.8150000e+00   3.0840000e+00   6.1850000e+00   2.0000000e+00
   1.2620000e+01   1.3670000e+01   8.4810000e-01   5.4100000e+00   2.9110000e+00   3.3060000e+00   5.2310000e+00   3.0000000e+00
   1.1810000e+01   1.3450000e+01   8.1980000e-01   5.4130000e+00   2.7160000e+00   4.8980000e+00   5.3520000e+00   3.0000000e+00
   1.7320000e+01   1.5910000e+01   8.5990000e-01   6.0640000e+00   3.4030000e+00   3.8240000e+00   5.9220000e+00   2.0000000e+00
   1.9310000e+01   1.6590000e+01   8.8150000e-01   6.3410000e+00   3.8100000e+00   3.4770000e+00   6.2380000e+00   2.0000000e+00
   1.2190000e+01   1.3200000e+01   8.7830000e-01   5.1370000e+00   2.9810000e+00   3.6310000e+00   4.8700000e+00   3.0000000e+00
   1.1230000e+01   1.2820000e+01   8.5940000e-01   5.0890000e+00   2.8210000e+00   7.5240000e+00   4.9570000e+00   3.0000000e+00
   1.5030000e+01   1.4770000e+01   8.6580000e-01   5.7020000e+00   3.2120000e+00   1.9330000e+00   5.4390000e+00   1.0000000e+00
   1.4090000e+01   1.4410000e+01   8.5290000e-01   5.7170000e+00   3.1860000e+00   3.9200000e+00   5.2990000e+00   1.0000000e+00
   1.3890000e+01   1.4020000e+01   8.8800000e-01   5.4390000e+00   3.1990000e+00   3.9860000e+00   4.7380000e+00   1.0000000e+00
   2.0880000e+01   1.7050000e+01   9.0310000e-01   6.4500000e+00   4.0320000e+00   5.0160000e+00   6.3210000e+00   2.0000000e+00
   1.1190000e+01   1.3050000e+01   8.2530000e-01   5.2500000e+00   2.6750000e+00   5.8130000e+00   5.2190000e+00   3.0000000e+00
   1.9940000e+01   1.6920000e+01   8.7520000e-01   6.6750000e+00   3.7630000e+00   3.2520000e+00   6.5500000e+00   2.0000000e+00
   1.3160000e+01   1.3820000e+01   8.6620000e-01   5.4540000e+00   2.9750000e+00   8.5510000e-01   5.0560000e+00   1.0000000e+00
   1.4860000e+01   1.4670000e+01   8.6760000e-01   5.6780000e+00   3.2580000e+00   2.1290000e+00   5.3510000e+00   1.0000000e+00
   1.2110000e+01   1.3470000e+01   8.3920000e-01   5.1590000e+00   3.0320000e+00   1.5020000e+00   4.5190000e+00   1.0000000e+00
   2.0160000e+01   1.7030000e+01   8.7350000e-01   6.5130000e+00   3.7730000e+00   1.9100000e+00   6.1850000e+00   2.0000000e+00
   2.0030000e+01   1.6900000e+01   8.8110000e-01   6.4930000e+00   3.8570000e+00   3.0630000e+00   6.3200000e+00   2.0000000e+00
   1.2080000e+01   1.3230000e+01   8.6640000e-01   5.0990000e+00   2.9360000e+00   1.4150000e+00   4.9610000e+00   1.0000000e+00
   1.3220000e+01   1.3840000e+01   8.6800000e-01   5.3950000e+00   3.0700000e+00   4.1570000e+00   5.0880000e+00   1.0000000e+00
   1.8720000e+01   1.6340000e+01   8.8100000e-01   6.2190000e+00   3.6840000e+00   2.1880000e+00   6.0970000e+00   2.0000000e+00
   1.8360000e+01   1.6520000e+01   8.4520000e-01   6.6660000e+00   3.4850000e+00   4.9330000e+00   6.4480000e+00   2.0000000e+00
   1.2890000e+01   1.3770000e+01   8.5410000e-01   5.4950000e+00   3.0260000e+00   6.1850000e+00   5.3160000e+00   3.0000000e+00
   1.2490000e+01   1.3460000e+01   8.6580000e-01   5.2670000e+00   2.9670000e+00   4.4210000e+00   5.0020000e+00   3.0000000e+00
   1.3990000e+01   1.3830000e+01   9.1830000e-01   5.1190000e+00   3.3830000e+00   5.2340000e+00   4.7810000e+00   1.0000000e+00
   1.2460000e+01   1.3410000e+01   8.7060000e-01   5.2360000e+00   3.0170000e+00   4.9870000e+00   5.1470000e+00   3.0000000e+00
   1.2720000e+01   1.3570000e+01   8.6860000e-01   5.2260000e+00   3.0490000e+00   4.1020000e+00   4.9140000e+00   1.0000000e+00
   1.6160000e+01   1.5330000e+01   8.6440000e-01   5.8450000e+00   3.3950000e+00   4.2660000e+00   5.7950000e+00   2.0000000e+00
   1.3780000e+01   1.4060000e+01   8.7590000e-01   5.4790000e+00   3.1560000e+00   3.1360000e+00   4.8720000e+00   1.0000000e+00
   1.8720000e+01   1.6190000e+01   8.9770000e-01   6.0060000e+00   3.8570000e+00   5.3240000e+00   5.8790000e+00   2.0000000e+00
   1.6410000e+01   1.5250000e+01   8.8660000e-01   5.7180000e+00   3.5250000e+00   4.2170000e+00   5.6180000e+00   2.0000000e+00
   1.1480000e+01   1.3050000e+01   8.4730000e-01   5.1800000e+00   2.7580000e+00   5.8760000e+00   5.0020000e+00   3.0000000e+00
   1.6770000e+01   1.5620000e+01   8.6380000e-01   5.9270000e+00   3.4380000e+00   4.9200000e+00   5.7950000e+00   2.0000000e+00
   1.8270000e+01   1.6090000e+01   8.8700000e-01   6.1730000e+00   3.6510000e+00   2.4430000e+00   6.1970000e+00   2.0000000e+00
   2.0710000e+01   1.7230000e+01   8.7630000e-01   6.5790000e+00   3.8140000e+00   4.4510000e+00   6.4510000e+00   2.0000000e+00
   1.2360000e+01   1.3190000e+01   8.9230000e-01   5.0760000e+00   3.0420000e+00   3.2200000e+00   4.6050000e+00   1.0000000e+00
   1.4370000e+01   1.4390000e+01   8.7260000e-01   5.5690000e+00   3.1530000e+00   1.4640000e+00   5.3000000e+00   1.0000000e+00
   1.1410000e+01   1.2950000e+01   8.5600000e-01   5.0900000e+00   2.7750000e+00   4.9570000e+00   4.8250000e+00   3.0000000e+00
   1.2670000e+01   1.3320000e+01   8.9770000e-01   4.9840000e+00   3.1350000e+00   2.3000000e+00   4.7450000e+00   3.0000000e+00
   1.7120000e+01   1.5550000e+01   8.8920000e-01   5.8500000e+00   3.5660000e+00   2.8580000e+00   5.7460000e+00   2.0000000e+00
   1.1230000e+01   1.2880000e+01   8.5110000e-01   5.1400000e+00   2.7950000e+00   4.3250000e+00   5.0030000e+00   3.0000000e+00
   1.8980000e+01   1.6570000e+01   8.6870000e-01   6.4490000e+00   3.5520000e+00   2.1440000e+00   6.4530000e+00   2.0000000e+00
   1.2880000e+01   1.3500000e+01   8.8790000e-01   5.1390000e+00   3.1190000e+00   2.3520000e+00   4.6070000e+00   1.0000000e+00
   1.6120000e+01   1.5000000e+01   9.0000000e-01   5.7090000e+00   3.4850000e+00   2.2700000e+00   5.4430000e+00   1.0000000e+00
   1.2220000e+01   1.3320000e+01   8.6520000e-01   5.2240000e+00   2.9670000e+00   5.4690000e+00   5.2210000e+00   3.0000000e+00
   1.4110000e+01   1.4100000e+01   8.9110000e-01   5.4200000e+00   3.3020000e+00   2.7000000e+00   5.0000000e+00   1.0000000e+00
   1.4280000e+01   1.4170000e+01   8.9440000e-01   5.3970000e+00   3.2980000e+00   6.6850000e+00   5.0010000e+00   1.0000000e+00
   1.8590000e+01   1.6050000e+01   9.0660000e-01   6.0370000e+00   3.8600000e+00   6.0010000e+00   5.8770000e+00   2.0000000e+00
   1.1750000e+01   1.3520000e+01   8.0820000e-01   5.4440000e+00   2.6780000e+00   4.3780000e+00   5.3100000e+00   3.0000000e+00
   1.7360000e+01   1.5760000e+01   8.7850000e-01   6.1450000e+00   3.5740000e+00   3.5260000e+00   5.9710000e+00   2.0000000e+00
   1.8980000e+01   1.6660000e+01   8.5900000e-01   6.5490000e+00   3.6700000e+00   3.6910000e+00   6.4980000e+00   2.0000000e+00
   1.2050000e+01   1.3410000e+01   8.4160000e-01   5.2670000e+00   2.8470000e+00   4.9880000e+00   5.0460000e+00   3.0000000e+00
   1.2740000e+01   1.3670000e+01   8.5640000e-01   5.3950000e+00   2.9560000e+00   2.5040000e+00   4.8690000e+00   1.0000000e+00
   1.9460000e+01   1.6500000e+01   8.9850000e-01   6.1130000e+00   3.8920000e+00   4.3080000e+00   6.0090000e+00   2.0000000e+00
   1.2800000e+01   1.3470000e+01   8.8600000e-01   5.1600000e+00   3.1260000e+00   4.8730000e+00   4.9140000e+00   3.0000000e+00
   1.6530000e+01   1.5340000e+01   8.8230000e-01   5.8750000e+00   3.4670000e+00   5.5320000e+00   5.8800000e+00   2.0000000e+00
   1.0590000e+01   1.2410000e+01   8.6480000e-01   4.8990000e+00   2.7870000e+00   4.9750000e+00   4.7940000e+00   3.0000000e+00
   1.8750000e+01   1.6180000e+01   8.9990000e-01   6.1110000e+00   3.8690000e+00   4.1880000e+00   5.9920000e+00   2.0000000e+00
   1.9110000e+01   1.6260000e+01   9.0810000e-01   6.1540000e+00   3.9300000e+00   2.9360000e+00   6.0790000e+00   2.0000000e+00
   1.2380000e+01   1.3440000e+01   8.6090000e-01   5.2190000e+00   2.9890000e+00   5.4720000e+00   5.0450000e+00   3.0000000e+00
   2.0100000e+01   1.6990000e+01   8.7460000e-01   6.5810000e+00   3.7850000e+00   1.9550000e+00   6.4490000e+00   2.0000000e+00
   1.5260000e+01   1.4850000e+01   8.6960000e-01   5.7140000e+00   3.2420000e+00   4.5430000e+00   5.3140000e+00   1.0000000e+00
   1.4110000e+01   1.4180000e+01   8.8200000e-01   5.5410000e+00   3.2210000e+00   2.7540000e+00   5.0380000e+00   1.0000000e+00
   1.6140000e+01   1.4990000e+01   9.0340000e-01   5.6580000e+00   3.5620000e+00   1.3550000e+00   5.1750000e+00   1.0000000e+00
   1.5380000e+01   1.4900000e+01   8.7060000e-01   5.8840000e+00   3.2680000e+00   4.4620000e+00   5.7950000e+00   2.0000000e+00
   1.4460000e+01   1.4350000e+01   8.8180000e-01   5.3880000e+00   3.3770000e+00   2.8020000e+00   5.0440000e+00   1.0000000e+00
   1.1360000e+01   1.3050000e+01   8.3820000e-01   5.1750000e+00   2.7550000e+00   4.0480000e+00   5.2630000e+00   3.0000000e+00
   1.1830000e+01   1.3230000e+01   8.4960000e-01   5.2630000e+00   2.8400000e+00   5.1950000e+00   5.3070000e+00   3.0000000e+00
   1.9380000e+01   1.6720000e+01   8.7160000e-01   6.3030000e+00   3.7910000e+00   3.6780000e+00   5.9650000e+00   2.0000000e+00
   1.8430000e+01   1.5970000e+01   9.0770000e-01   5.9800000e+00   3.7710000e+00   2.9840000e+00   5.9050000e+00   2.0000000e+00
   1.9060000e+01   1.6450000e+01   8.8540000e-01   6.4160000e+00   3.7190000e+00   2.2480000e+00   6.1630000e+00   2.0000000e+00
   1.5010000e+01   1.4760000e+01   8.6570000e-01   5.7890000e+00   3.2450000e+00   1.7910000e+00   5.0010000e+00   1.0000000e+00
   1.5380000e+01   1.4770000e+01   8.8570000e-01   5.6620000e+00   3.4190000e+00   1.9990000e+00   5.2220000e+00   1.0000000e+00
   1.1430000e+01   1.3130000e+01   8.3350000e-01   5.1760000e+00   2.7190000e+00   2.2210000e+00   5.1320000e+00   3.0000000e+00
   1.3020000e+01   1.3760000e+01   8.6410000e-01   5.3950000e+00   3.0260000e+00   3.3730000e+00   4.8250000e+00   1.0000000e+00
