   1.5143408e+00  -5.6066822e-01   2.3139979e-01  -1.1663032e+00   1.9085215e+00   8.0672173e-01   1.0319081e+00  -6.5770780e-01   1.2214385e+00   2.5100878e-01   3.6115849e-01   1.8427215e+00   1.0101594e+00   1.0000000e+00
   2.4559683e-01  -4.9800856e-01  -8.2566722e-01  -2.4838405e+00   1.8093980e-02   5.6704809e-01   7.3156528e-01  -8.1841059e-01  -5.4318872e-01  -2.9249623e-01   4.0490846e-01   1.1103172e+00   9.6252635e-01   1.0000000e+00
   1.9632522e-01   2.1171519e-02   1.1062139e+00  -2.6798224e-01   8.8109814e-02   8.0672173e-01   1.2121137e+00  -4.9700500e-01   2.1299594e+00   2.6826291e-01   3.1740852e-01   7.8636920e-01   1.3912237e+00   1.0000000e+00
   1.6867914e+00  -3.4583508e-01   4.8655389e-01  -8.0697480e-01   9.2829983e-01   2.4844372e+00   1.4623994e+00  -9.7911336e-01   1.0292513e+00   1.1827317e+00  -4.2634104e-01   1.1807407e+00   2.3280068e+00   1.0000000e+00
   2.9486844e-01   2.2705328e-01   1.8352256e+00   4.5067448e-01   1.2783790e+00   8.0672173e-01   6.6148530e-01   2.2615758e-01   4.0027531e-01  -3.1837742e-01   3.6115849e-01   4.4833648e-01  -3.7767474e-02   1.0000000e+00
   1.4773871e+00  -5.1591132e-01   3.0430096e-01  -1.2860793e+00   8.5828399e-01   1.5576991e+00   1.3622851e+00  -1.7559941e-01   6.6234866e-01   7.2981082e-01   4.0490846e-01   3.3565890e-01   2.2327407e+00   1.0000000e+00
   1.7114272e+00  -4.1744613e-01   3.0430096e-01  -1.4657435e+00  -2.6196936e-01   3.2737445e-01   4.9129105e-01  -4.9700500e-01   6.7982021e-01   8.2781046e-02   2.7365854e-01   1.3638418e+00   1.7246550e+00   1.0000000e+00
   1.3049364e+00  -1.6680747e-01   8.8751034e-01  -5.6742255e-01   1.4884265e+00   4.8715687e-01   4.8127963e-01  -4.1665360e-01  -5.9560339e-01  -3.4895952e-03   4.4865844e-01   1.3638418e+00   1.7405327e+00   1.0000000e+00
   2.2534149e+00  -6.2332789e-01  -7.1631546e-01  -1.6454077e+00  -1.9195352e-01   8.0672173e-01   9.5181666e-01  -5.7735640e-01   6.7982021e-01   6.1213386e-02   5.3615839e-01   3.3565890e-01   9.4664867e-01   1.0000000e+00
   1.0585784e+00  -8.8291793e-01  -3.5180959e-01  -1.0465271e+00  -1.2193769e-01   1.0943301e+00   1.1220109e+00  -1.1398162e+00   4.5268998e-01   9.3254683e-01   2.2990857e-01   1.3215877e+00   9.4664867e-01   1.0000000e+00
   1.3542080e+00  -1.5785609e-01  -2.4245783e-01  -4.4764643e-01   3.6817315e-01   1.0463954e+00   1.2922052e+00  -1.1398162e+00   1.3786825e+00   2.9845763e-01   1.2799079e+00   7.8636920e-01   2.4232729e+00   1.0000000e+00
   1.3788438e+00  -7.6654998e-01  -1.6955666e-01  -8.0697480e-01  -3.3198519e-01  -1.5197284e-01   4.0118822e-01  -8.1841059e-01  -3.6513600e-02  -2.5057256e-02   9.2990815e-01   2.9340481e-01   1.6928996e+00   1.0000000e+00
   9.2308146e-01  -5.4276546e-01   1.5849862e-01  -1.0465271e+00  -7.5208020e-01   4.8715687e-01   7.3156528e-01  -5.7735640e-01   3.8280376e-01   2.3375466e-01   8.4240820e-01   4.0608239e-01   1.8199211e+00   1.0000000e+00
   2.1548717e+00  -5.4276546e-01   8.5597449e-02  -2.4239525e+00  -6.1204853e-01   1.2860690e+00   1.6626279e+00   5.4756317e-01   2.1299594e+00   1.4748402e-01   1.2799079e+00   1.6664254e-01   1.2800799e+00   1.0000000e+00
   1.6991093e+00  -4.1744613e-01   4.9146863e-02  -2.2442883e+00   1.5812565e-01   1.6056339e+00   1.6125708e+00  -5.7735640e-01   2.3920327e+00   1.0533257e+00   1.0611581e+00   5.4692935e-01   2.5407677e+00   1.0000000e+00
   7.7526663e-01  -4.7115441e-01   1.2155656e+00  -6.8719867e-01   8.5828399e-01   8.8661294e-01   8.8173668e-01  -4.9700500e-01  -2.2870071e-01   9.6705510e-01   1.4111579e+00   3.7791299e-01   1.7881657e+00   1.0000000e+00
   1.6005661e+00  -3.7268923e-01   1.2884668e+00   1.5123418e-01   1.4184107e+00   8.0672173e-01   1.1119995e+00  -2.5595080e-01   6.6234866e-01   4.9256657e-01   4.9240841e-01   5.3964962e-02   1.6928996e+00   1.0000000e+00
   1.0216247e+00  -6.8598755e-01   9.2396093e-01   1.5123418e-01   1.0683315e+00   1.0463954e+00   1.3722966e+00   3.0650897e-01   2.2555975e-01   6.6510784e-01   7.5490825e-01  -5.8712613e-02   1.2165692e+00   1.0000000e+00
   1.4650692e+00  -6.6808479e-01   4.1365272e-01  -8.9680689e-01   5.7822065e-01   1.6056339e+00   1.9029021e+00  -3.3630220e-01   4.7016154e-01   1.5709495e+00   1.1924080e+00   2.9340481e-01   2.9631140e+00   1.0000000e+00
   7.8758453e-01   6.8357369e-01   7.0525741e-01  -1.2860793e+00   1.1383473e+00   6.4693930e-01   1.0018738e+00  -1.5415732e+00   1.2073042e-01   1.8078064e-02   1.1158701e-02   1.0539784e+00   3.1154148e-01   1.0000000e+00
   1.3049364e+00  -6.3227927e-01  -3.1535901e-01  -1.0465271e+00   1.8385057e+00   1.1262866e+00   1.1420338e+00  -9.7911336e-01   8.8947889e-01   2.5532232e-01   5.7990836e-01   1.5469428e+00   1.0513165e-01   1.0000000e+00
  -8.6986545e-02   1.3101703e+00   1.0333127e+00  -2.6798224e-01   1.5812565e-01   1.8357026e-01   3.8116537e-01  -8.9876197e-01   6.7982021e-01  -2.4073385e-01   3.1740852e-01   1.2793336e+00   7.3376283e-02   1.0000000e+00
   8.7380985e-01  -4.2639751e-01  -2.3754310e-02  -8.6686286e-01   8.8109814e-02   5.0313512e-01   8.5170240e-01  -7.3805920e-01   1.7314508e-01  -5.4268108e-01   6.6740831e-01   1.9553990e+00   9.1489331e-01   1.0000000e+00
  -1.8552975e-01  -6.5913341e-01   5.5945507e-01  -5.0753449e-01  -3.3198519e-01   2.9541796e-01   3.4111966e-01  -8.1841059e-01  -2.2870071e-01  -4.8660517e-01   5.7990836e-01   1.4342653e+00   8.5138259e-01   1.0000000e+00
   6.1513390e-01  -4.7115441e-01   8.8751034e-01   1.5123418e-01  -2.6196936e-01   3.7530917e-01   5.8139389e-01  -6.5770780e-01   1.2073042e-01  -6.6345997e-01   7.1115828e-01   1.7018745e+00   3.1154148e-01   1.0000000e+00
   6.0828283e-02  -2.5632128e-01   3.1109961e+00   1.6484357e+00   1.6984740e+00   5.3509160e-01   6.5147387e-01   8.6896873e-01   5.7499088e-01  -6.3757878e-01   7.5490825e-01   8.2862329e-01   2.6390844e-01   1.0000000e+00
   4.7963697e-01  -5.0695994e-01   9.2396093e-01  -1.0165830e+00  -4.7201686e-01   8.8661294e-01   9.1177095e-01  -1.7559941e-01  -2.4617226e-01  -1.1132789e-01  -1.6384119e-01   8.5679269e-01   1.4229791e+00   1.0000000e+00
   3.6877585e-01  -5.5171684e-01  -8.2566722e-01  -7.4708673e-01  -4.0200103e-01   1.6759202e-01   1.6091399e-01  -7.3805920e-01  -4.2088782e-01  -4.7797810e-01   2.7365854e-01   2.2298133e-01   1.7087773e+00   1.0000000e+00
   1.0708963e+00  -3.9059199e-01   1.5800715e+00  -2.8429999e-02   5.0820482e-01   1.0463954e+00   9.4180523e-01   6.5454780e-02   2.9544598e-01  -2.4073385e-01   1.2799079e+00   1.1103172e+00   5.3382900e-01   1.0000000e+00
   1.2556648e+00  -5.8752236e-01  -5.7051311e-01  -1.0465271e+00  -2.6196936e-01   5.6704809e-01   3.0107396e-01  -8.1841059e-01   6.7982021e-01  -1.5446321e-01   3.6115849e-01   1.3779265e+00   9.1489331e-01   1.0000000e+00
   8.9844565e-01  -7.4864721e-01   1.2155656e+00   8.9983495e-01   8.8109814e-02   1.1262866e+00   1.2221252e+00  -5.7735640e-01   1.3786825e+00   2.7688998e-01   1.0174081e+00   1.3847314e-01   1.7087773e+00   1.0000000e+00
   7.1367712e-01  -6.0542512e-01  -2.3754310e-02  -1.1826210e-01   4.3818899e-01   9.0259119e-01   1.1620566e+00  -1.1398162e+00   6.2740554e-01   7.9451380e-01   5.7990836e-01   3.7791299e-01   2.4391506e+00   1.0000000e+00
   8.3685614e-01  -4.5325165e-01  -2.3754310e-02  -6.8719867e-01   2.9815732e-01   1.9954850e-01   6.6148530e-01   4.6721177e-01   6.6234866e-01  -5.2542695e-01   1.1924080e+00   3.6382829e-01   7.7199419e-01   1.0000000e+00
   9.3539936e-01  -7.2179307e-01   1.2155656e+00   1.5140315e-03   2.2586007e+00   1.0463954e+00   7.1154243e-01   1.1100230e+00  -4.2088782e-01   1.4748402e-01   1.2799079e+00   5.4692935e-01   1.5500005e+00   1.0000000e+00
   6.2745180e-01  -4.8010579e-01   1.0333127e+00  -1.4820613e-01   7.1825232e-01   8.7700792e-02   5.0130248e-01  -5.7735640e-01  -8.8928269e-02  -3.7013981e-01   6.2365833e-01   3.6382829e-01   1.1054255e+00   1.0000000e+00
   5.9049809e-01  -4.7115441e-01   1.5849862e-01   3.0095433e-01   1.8093980e-02   6.4693930e-01   9.5181666e-01  -8.1841059e-01   4.7016154e-01   1.8078064e-02   3.6115849e-01   1.2089101e+00   5.4970668e-01   1.0000000e+00
   3.4414005e-01  -6.2332789e-01   1.7258738e+00  -1.1962472e+00   7.1825232e-01   4.8715687e-01   6.5147387e-01  -1.7559941e-01  -4.0341627e-01  -1.9759853e-01   5.7990836e-01   2.3706602e-01   4.2268524e-01   1.0000000e+00
   6.0828283e-02  -6.1437650e-01   6.6880683e-01  -4.4764643e-01  -1.2193769e-01   2.4748323e-01   4.0118822e-01  -5.7735640e-01  -2.6364382e-01  -3.4857215e-01   7.1115828e-01  -1.4322079e-01   1.1371808e+00   1.0000000e+00
   8.5464088e-02  -7.4864721e-01  -9.7146956e-01  -1.1962472e+00  -1.2193769e-01   1.6759202e-01   6.1142817e-01  -6.5770780e-01  -3.8594471e-01  -5.8581640e-01   9.7365812e-01   1.1030375e-01   8.6726027e-01   1.0000000e+00
   1.5020229e+00   1.4802466e+00   5.2300448e-01  -1.8849599e+00   1.9785373e+00   1.1262866e+00   1.0118852e+00  -1.3005190e+00   8.5453577e-01   1.8078064e-02  -2.9509111e-01   1.2934183e+00   4.1620924e-02   1.0000000e+00
   6.8904131e-01  -5.6066822e-01  -2.0600725e-01  -9.8663897e-01   1.2083632e+00   1.3659602e+00   1.2621709e+00  -1.7559941e-01   1.3087962e+00   4.6237185e-01  -3.2591273e-02   1.0821478e+00   1.5276469e-01   1.0000000e+00
   5.0427278e-01   1.3459759e+00  -8.9856839e-01  -2.0809418e-01  -6.8206436e-01   2.4748323e-01   6.5147387e-01  -7.3805920e-01  -1.9375759e-01  -3.3563155e-01  -2.0759117e-01   5.4692935e-01   9.1489331e-01   1.0000000e+00
   1.0832142e+00  -3.9954337e-01   8.1460917e-01  -1.3459674e+00   8.8109814e-02   1.5257427e+00   1.5324794e+00  -1.5415732e+00   1.9061664e-01   1.6042461e-01  -3.3884109e-01   1.3356724e+00   1.1054255e+00   1.0000000e+00
   2.9486844e-01   1.4712952e+00  -2.7890842e-01  -5.9736658e-01   2.2814148e-01   5.5106984e-01   6.0141674e-01  -3.3630220e-01   1.2073042e-01  -3.0112330e-01  -6.0134093e-01   5.4692935e-01  -2.1242195e-01   1.0000000e+00
   6.0828283e-02  -5.0695994e-01  -9.7146956e-01  -7.4708673e-01   5.0820482e-01   1.1262866e+00   9.7183951e-01  -6.5770780e-01   7.6717799e-01  -7.8031272e-03  -3.3884109e-01   1.0398937e+00   4.3856292e-01   1.0000000e+00
   1.4897050e+00   1.5250035e+00   2.6785038e-01  -1.7815016e-01   7.8826816e-01   8.8661294e-01   6.2143960e-01  -4.9700500e-01  -5.9560339e-01   7.8467513e-02  -3.8259106e-01   1.0117244e+00   1.0577924e+00   1.0000000e+00
   1.6991093e+00   1.1221913e+00  -3.1535901e-01  -1.0465271e+00   1.5812565e-01   1.5257427e+00   1.1420338e+00  -7.3805920e-01   1.0467229e+00  -6.8192574e-02   3.6115849e-01   1.1666560e+00   1.0101594e+00   1.0000000e+00
   1.1078500e+00  -5.8752236e-01  -8.9856839e-01  -1.0465271e+00   8.8109814e-02   1.2860690e+00   1.3622851e+00  -1.2201676e+00   9.5936511e-01   4.4943125e-01  -2.0759117e-01   1.0117244e+00   7.5611651e-01   1.0000000e+00
   1.3542080e+00  -2.8317542e-01   1.2204803e-01  -2.0809418e-01   2.2814148e-01   7.2683052e-01   8.9174810e-01  -3.3630220e-01   1.3786825e+00   4.9256657e-01   4.9240841e-01   1.9481193e-01   9.9428171e-01   1.0000000e+00
   1.1571216e+00  -5.4276546e-01  -3.5180959e-01  -6.2731061e-01   5.7822065e-01   9.3454767e-01   1.5124565e+00  -3.3630220e-01   8.5453577e-01   1.6572202e+00   7.1115828e-01   6.8777632e-01   1.6293889e+00   1.0000000e+00
   6.0828283e-02  -5.4276546e-01  -1.1901731e+00  -2.1245122e+00  -5.4203270e-01   6.7889579e-01   1.2421480e+00  -1.5415732e+00   2.3046749e+00   9.2391977e-01   7.1115828e-01   4.2016708e-01   1.2800799e+00   1.0000000e+00
   1.0216247e+00  -6.1437650e-01   8.5105976e-01  -6.8719867e-01  -4.0200103e-01   2.4748323e-01   9.6182809e-01  -1.1398162e+00   1.2214385e+00   2.3375466e-01   1.2361580e+00   1.0680631e+00   1.6452666e+00   1.0000000e+00
   1.0093068e+00  -5.2486270e-01   1.9494920e-01  -1.6454077e+00   7.8826816e-01   2.5323719e+00   1.7126851e+00  -3.3630220e-01   4.8763309e-01   8.5921679e-01   2.2990857e-01   9.1313147e-01   1.4071014e+00   1.0000000e+00
   9.4771726e-01  -3.9059199e-01   1.1426644e+00  -7.1714270e-01   1.0683315e+00   1.1262866e+00   7.6159956e-01   2.2615758e-01   1.5567353e-01   5.3570189e-01   7.5490825e-01   4.4833648e-01   1.9945755e+00   1.0000000e+00
   9.1076355e-01  -5.9647374e-01  -4.2471076e-01  -9.2675092e-01   1.2783790e+00   4.8715687e-01   8.7172525e-01  -1.2201676e+00   5.0844180e-02   3.4159295e-01  -1.6384119e-01   8.2862329e-01   9.9428171e-01   1.0000000e+00
   6.8904131e-01  -5.4276546e-01   3.4075155e-01   3.0095433e-01   1.1383473e+00   1.0623736e+00   7.5158814e-01  -1.3005190e+00   1.5009834e+00   5.1413423e-01   9.8658649e-02   5.8918345e-01   1.1848139e+00   1.0000000e+00
   1.5020229e+00  -5.6961960e-01  -2.4245783e-01  -9.5669494e-01   1.2783790e+00   1.4458514e+00   9.7183951e-01  -8.1841059e-01   7.6717799e-01   5.7021014e-01  -7.6341246e-02   9.8355496e-01   7.0848347e-01   1.0000000e+00
   3.5645795e-01  -3.2793232e-01   1.1426644e+00  -8.0697480e-01   1.5812565e-01   1.1262866e+00   1.2021023e+00  -4.1665360e-01   1.2073042e-01   4.0629593e-01   4.9240841e-01   3.2157420e-01   1.6611443e+00   1.0000000e+00
   8.8612775e-01  -8.1130688e-01   4.8655389e-01  -8.3691883e-01   5.7822065e-01   1.7654163e+00   1.6426051e+00  -1.3808704e+00   7.8464955e-01   7.5137848e-01  -2.9509111e-01   3.6382829e-01   1.7087773e+00   1.0000000e+00
  -7.7678907e-01  -1.2499245e+00  -3.6688130e+00  -2.6635047e+00  -8.2209603e-01  -5.0349418e-01  -1.4609371e+00  -6.5770780e-01  -2.0457425e+00  -1.3406845e+00   4.0490846e-01  -1.1150649e+00  -7.2050769e-01   2.0000000e+00
  -8.2606067e-01  -1.1067024e+00  -3.1535901e-01  -1.0465271e+00   8.8109814e-02  -3.9164648e-01  -9.4034289e-01   2.1545912e+00  -2.0632141e+00  -7.7129827e-01   1.2799079e+00  -1.3263353e+00  -2.1242195e-01   2.0000000e+00
  -4.4420570e-01  -8.7396654e-01  -1.2630743e+00  -8.0697480e-01   1.8093980e-02  -4.3958121e-01  -6.1997725e-01   1.3510772e+00  -1.6963114e+00   2.9845763e-01   9.8658649e-02  -1.4390129e+00  -9.4279521e-01   2.0000000e+00
   8.2453824e-01  -9.7243173e-01  -1.6275801e+00  -4.4764643e-01  -4.0200103e-01  -3.1175526e-01  -2.3954306e-01  -3.3630220e-01  -1.5041243e+00  -5.4268108e-01   1.1924080e+00  -2.1364428e-01  -3.7119874e-01   2.0000000e+00
  -7.7678907e-01  -1.0798483e+00  -7.5276604e-01  -1.4820613e-01  -8.9211187e-01   1.9251987e+00   1.0719538e+00  -1.3808704e+00   4.8763309e-01  -2.6230151e-01   1.1486580e+00   3.6382829e-01  -1.0380613e+00   2.0000000e+00
  -1.0231471e+00  -7.9340412e-01   5.9590565e-01  -1.4820613e-01   2.9815732e-01  -6.4729836e-01  -2.7958876e-01   7.0826595e-01  -9.7997762e-01  -9.0933130e-01   2.1549074e+00  -5.3759231e-01  -1.2444711e+00   2.0000000e+00
  -7.7678907e-01  -1.0082373e+00   7.0525741e-01  -4.1770240e-01  -1.2193769e-01   1.9954850e-01   6.2143960e-01   6.5454780e-02   8.5453577e-01  -1.9759853e-01   1.0174081e+00  -4.3899943e-01  -2.1877302e-01   2.0000000e+00
   1.3473571e-01  -1.1872649e+00  -2.4294930e+00  -1.3459674e+00  -1.5222544e+00   1.0943301e+00   1.1520452e+00  -8.1841059e-01   1.2039669e+00   1.0434870e-01   7.1115828e-01   8.0045390e-01  -7.7766734e-01   2.0000000e+00
  -7.7678907e-01  -1.0440428e+00  -1.6275801e+00   3.1458063e-02  -1.5222544e+00  -2.9577702e-01  -2.9303112e-02  -7.3805920e-01  -9.6250606e-01  -1.6309028e-01   7.1115828e-01   1.2229948e+00  -7.5226305e-01   2.0000000e+00
   4.1804746e-01  -1.2499245e+00  -2.3754310e-02  -7.4708673e-01   7.1825232e-01   3.7530917e-01  -7.3010294e-01   1.5117800e+00  -2.0457425e+00  -8.1443359e-01   2.7365854e-01  -9.6013322e-01   9.8655652e-03   2.0000000e+00
  -9.7387550e-01  -1.0261400e+00  -2.2472401e+00  -8.0697480e-01   3.5889015e+00  -7.1121133e-01  -7.5012579e-01  -1.7826274e+00   1.5883411e+00  -9.5246662e-01   1.4111579e+00   6.4552223e-01  -9.1751583e-02   2.0000000e+00
  -8.7533228e-01  -6.5018203e-01  -5.7051311e-01   2.7101030e-01   2.2814148e-01  -1.9095795e+00  -1.0104229e+00   6.5454780e-02  -2.2870071e-01  -8.6619598e-01  -2.2509116e-01  -1.1150649e+00   3.9092988e-01   2.0000000e+00
   1.0585784e+00  -7.3969583e-01   1.1062139e+00   1.6484357e+00  -9.6212770e-01   1.0463954e+00   8.3167955e-01  -1.2201676e+00   4.8763309e-01  -7.2384942e-01   1.7611577e+00   7.7228450e-01  -1.0698166e+00   2.0000000e+00
   6.0281600e-01  -6.0542512e-01  -4.6116135e-01   1.3489954e+00  -8.9211187e-01  -6.6327661e-01  -1.8948593e-01  -7.3805920e-01  -9.7997762e-01  -5.6856227e-01   9.8658649e-02   2.3706602e-01  -8.7293342e-01   2.0000000e+00
  -1.3079131e-02  -5.9647374e-01   8.5105976e-01   3.1456372e+00   2.7487115e+00   1.6056339e+00   8.6171382e-01  -1.2201676e+00   6.4487710e-01  -7.3679001e-01   1.5424078e+00   1.2511642e+00   7.5611651e-01   2.0000000e+00
  -1.2818231e+00  -1.1156538e+00  -2.4245783e-01   4.5067448e-01   8.8109814e-02   1.7334598e+00   1.1085686e-01  -1.8629788e+00   1.0325886e-01  -7.9717946e-01   1.4240862e-01   7.3003041e-01   4.4173846e-01   2.0000000e+00
  -1.6513601e+00  -4.0849475e-01  -1.6275801e+00  -1.0465271e+00  -1.9195352e-01  -1.0946892e+00  -4.5979443e-01  -1.7559941e-01  -7.7031895e-01  -5.4268108e-01   1.1924080e+00  -6.6435458e-01  -1.0126570e+00   2.0000000e+00
   3.6192478e-02  -1.2857301e+00  -2.3930424e+00  -1.0465271e+00  -9.6212770e-01  -5.5142891e-01   7.3116516e-04  -9.7911336e-01  -2.2870071e-01  -1.9759853e-01   1.0174081e+00  -1.8547489e-01  -1.1269763e+00   2.0000000e+00
  -1.4296379e+00   4.9559470e-01  -4.9761194e-01  -4.4764643e-01   8.5828399e-01  -9.1892849e-01  -7.1008009e-01   5.4756317e-01  -1.1197501e+00  -1.0387372e+00   1.1158701e-02  -1.2913610e-01  -7.8401841e-01   2.0000000e+00
  -8.2606067e-01  -1.2051676e+00  -1.5182284e+00  -1.4058554e+00   2.5386640e+00  -6.3132012e-01  -1.7947450e-01  -9.5248012e-02   2.0426016e+00  -7.1522236e-01   4.4865844e-01  -4.2491473e-01   9.8655652e-03   2.0000000e+00
  -3.7029829e-01   1.3728300e+00   1.2204803e-01   1.0495551e+00   8.8109814e-02   8.5465646e-01   5.2132533e-01   5.4756317e-01   6.2740554e-01  -1.0732455e+00   1.0174081e+00   7.3003041e-01  -9.0151324e-01   2.0000000e+00
  -1.2325515e+00  -1.2678273e+00  -1.3359754e+00  -1.4820613e-01  -9.6212770e-01   1.9954850e-01   2.3099397e-01  -4.9700500e-01  -2.8111538e-01  -1.1034402e+00   1.8486576e+00   7.1594572e-01  -1.4889874e+00   2.0000000e+00
  -3.4566248e-01  -4.7115441e-01  -6.0696370e-01  -2.0809418e-01  -9.6212770e-01  -1.5197284e-01   5.0130248e-01  -8.1841059e-01   3.1291753e-01  -4.9954576e-01   8.8615818e-01   7.4411511e-01  -1.0445372e-01   2.0000000e+00
  -1.1340082e+00  -1.0798483e+00   5.2300448e-01   1.3489954e+00  -1.5222544e+00  -4.7153769e-01  -4.4978301e-01   3.0650897e-01  -3.3353004e-01  -1.2328462e+00   1.5424078e+00   1.5255784e-01  -3.7119874e-01   2.0000000e+00
   6.0828283e-02   1.3638786e+00  -1.6955666e-01   8.9983495e-01  -1.0321435e+00  -1.0307762e+00  -4.3977158e-01   1.9938884e+00   5.0844180e-02  -1.1132789e-01  -5.1384098e-01  -8.4745564e-01  -7.3638537e-01   2.0000000e+00
  -1.4296379e+00  -1.2946814e+00   7.7815859e-01  -4.4764643e-01  -4.0200103e-01  -1.5197284e-01   1.8093684e-01  -1.1398162e+00   1.3262678e+00  -8.6619598e-01  -7.3259085e-01   6.5960693e-01  -7.2050769e-01   2.0000000e+00
  -4.0725200e-01  -1.2141190e+00  -4.6116135e-01  -4.4764643e-01  -5.1921855e-02  -1.5197284e-01  -8.9371669e-02  -4.9700500e-01  -2.2870071e-01  -1.0516778e+00   1.1924080e+00   7.7228450e-01  -9.4279521e-01   2.0000000e+00
  -1.0354650e+00  -6.5018203e-01  -2.0600725e-01   9.8966704e-01  -6.8206436e-01  -8.2305903e-01  -3.3965732e-01   5.4756317e-01  -5.3985156e-02  -1.1250079e+00   1.6299077e+00  -4.9533822e-01  -7.9989609e-01   2.0000000e+00
  -1.6636780e+00  -5.9647374e-01   9.2396093e-01   1.9478760e+00  -8.2209603e-01  -5.9936363e-01  -4.1974873e-01   3.0650897e-01  -4.3835938e-01  -1.0603049e+00   1.7611577e+00   8.4270799e-01  -5.8713519e-01   2.0000000e+00
  -1.6759959e+00  -2.4736990e-01   3.4075155e-01   6.3033867e-01  -1.1021594e+00  -5.5142891e-01  -3.3965732e-01   9.4932013e-01  -4.2088782e-01  -9.7403428e-01   1.8615860e-01   1.9481193e-01  -2.1242195e-01   2.0000000e+00
  -1.1340082e+00  -9.0082069e-01  -2.4245783e-01   1.2292193e+00  -2.0823811e+00  -1.5197284e-01  -4.3977158e-01   4.6721177e-01  -3.6847316e-01  -1.4312686e+00   4.9240841e-01   8.4270799e-01  -3.8707642e-01   2.0000000e+00
  -1.1340082e+00  -4.5325165e-01  -1.6955666e-01  -2.9792627e-01  -1.3122069e+00  -1.1106674e+00  -5.2987442e-01   1.2707258e+00   8.5787292e-02  -1.1465755e+00   5.3615839e-01  -4.8125352e-01  -8.4752913e-01   2.0000000e+00
  -1.2325515e+00  -7.3969583e-01   1.9494920e-01   7.5011479e-01  -9.6212770e-01  -1.3503410e+00  -7.8016007e-01   1.1100230e+00   6.8315737e-02  -6.2895172e-01   4.0490846e-01   5.3964962e-02  -9.4279521e-01   2.0000000e+00
  -3.8261619e-01  -7.2179307e-01  -3.8826018e-01   3.6084239e-01  -1.3822227e+00  -1.4621887e+00  -5.6992012e-01   1.7528342e+00   5.0844180e-02  -8.6619598e-01   1.1158701e-02  -7.7703216e-01  -7.9989609e-01   2.0000000e+00
  -8.7533228e-01   4.4188642e-01  -5.3406252e-01  -4.4764643e-01  -8.2209603e-01   2.4748323e-01   2.2098255e-01  -8.9876197e-01   6.9729177e-01  -1.2544138e+00   8.4240820e-01   9.6947026e-01  -1.4508810e+00   2.0000000e+00
  -1.7006317e+00  -3.1002956e-01  -3.1535901e-01  -4.4764643e-01  -1.2193769e-01   1.1582431e+00   2.3099397e-01  -1.5415732e+00  -4.2088782e-01  -7.7992533e-01   8.8615818e-01   4.9059057e-01  -1.2762265e+00   2.0000000e+00
  -6.5361004e-01  -7.3074445e-01  -6.0696370e-01  -1.4820613e-01   4.3590757e+00   3.2737445e-01   2.4100540e-01  -3.3630220e-01   2.9511225e+00  -1.0603049e+00   8.8615818e-01   2.5795569e-02   6.0369079e-01   2.0000000e+00
  -1.4665916e+00  -1.9366161e-01   1.3613680e+00   6.0039464e-01   2.3986323e+00  -1.1106674e+00  -1.0404572e+00  -1.7826274e+00  -5.3985156e-02  -1.1034402e+00  -3.2591273e-02  -4.9533822e-01  -3.8707642e-01   2.0000000e+00
  -8.7533228e-01  -8.2920964e-01  -1.4088766e+00  -1.0465271e+00  -1.0321435e+00   4.0726566e-01   4.7126820e-01  -5.7735640e-01   3.1291753e-01  -9.3089896e-01   1.1924080e+00   1.8072723e-01  -1.0126570e+00   2.0000000e+00
  -7.7678907e-01  -1.1335566e+00  -9.7146956e-01  -2.9792627e-01  -8.2209603e-01   1.9571552e+00   1.7226965e+00  -9.7911336e-01   6.2740554e-01  -2.4073385e-01   3.6115849e-01   2.2298133e-01  -2.7593266e-01   2.0000000e+00
  -8.7533228e-01   7.4623336e-01  -5.7051311e-01  -4.4764643e-01  -8.2209603e-01   8.8661294e-01   9.6182809e-01   7.0826595e-01   2.1299594e+00  -1.1897109e+00   2.0236575e+00   3.0748951e-01  -1.0825188e+00   2.0000000e+00
  -1.1340082e+00  -2.2946714e-01  -2.4294930e+00  -5.9736658e-01  -1.9195352e-01  -1.0403811e-01   1.4089114e-01  -8.1841059e-01  -3.3353004e-01  -7.5835767e-01   1.3674079e+00   4.9059057e-01  -1.1715587e-01   2.0000000e+00
  -4.9347731e-01  -8.9186931e-01  -1.7004813e+00  -2.9792627e-01  -8.2209603e-01  -1.3503410e+00  -6.7003438e-01  -5.7735640e-01  -4.2088782e-01  -1.1250079e+00   3.6115849e-01   2.2298133e-01  -5.8713519e-01   2.0000000e+00
  -8.1374277e-01   1.0173395e-01   3.4075155e-01   4.5067448e-01  -1.2193769e-01   4.2324390e-01   8.0822574e-02  -1.7559941e-01  -4.9077405e-01  -9.7403428e-01  -6.8884088e-01   1.0821478e+00  -9.8090164e-01   2.0000000e+00
  -1.4542737e+00  -5.5171684e-01  -1.7733825e+00   1.5140315e-03  -9.6212770e-01   3.2737445e-01  -3.8971445e-01   6.5454780e-02  -2.9858693e-01  -1.2932356e+00  -7.6341246e-02  -2.4181367e-01  -1.0539390e+00   2.0000000e+00
  -6.0433843e-01  -5.4276546e-01  -1.4088766e+00   3.0095433e-01  -1.0321435e+00  -1.5197284e-01  -1.0939452e-01  -3.3630220e-01  -1.9375759e-01  -9.1364483e-01   3.6115849e-01   1.3497571e+00  -2.3782623e-01   2.0000000e+00
  -7.1519955e-01   1.9124776e-01  -3.5180959e-01   7.5011479e-01  -6.8206436e-01  -9.8284146e-01  -1.8948593e-01   2.3956454e+00  -2.9858693e-01  -1.0171696e+00  -4.2634104e-01   9.6947026e-01  -1.3714926e+00   2.0000000e+00
  -9.2460389e-01  -5.4276546e-01  -8.9856839e-01  -1.4820613e-01  -1.3822227e+00  -1.0307762e+00   7.3116516e-04   6.5454780e-02   6.8315737e-02  -7.1522236e-01   1.8615860e-01   7.8636920e-01  -7.5226305e-01   2.0000000e+00
  -3.4566248e-01  -5.2486270e-01  -3.1535901e-01   8.9983495e-01  -1.1021594e+00  -1.4621887e+00  -2.6957734e-01   9.4932013e-01   6.8315737e-02  -7.5835767e-01  -3.3884109e-01  -2.6998307e-01  -8.2212484e-01   2.0000000e+00
  -9.6155760e-01  -9.3662621e-01  -1.5546789e+00  -1.4820613e-01  -5.4203270e-01   1.0367905e-01   1.0742593e-02   2.2615758e-01   8.5453577e-01  -1.0171696e+00  -4.2634104e-01   5.7509875e-01  -1.3810192e+00   2.0000000e+00
  -1.7129496e+00  -8.8291793e-01   1.2155656e+00   1.5123418e-01  -4.0200103e-01   7.1085227e-01   8.9174810e-01  -5.7735640e-01   1.5708696e+00  -1.0387372e+00   1.1158701e-02   9.1313147e-01  -2.1242195e-01   2.0000000e+00
  -1.8977182e+00   1.2564621e+00  -1.9920860e+00   1.5140315e-03   5.0820482e-01   1.4138950e+00   5.5135961e-01  -9.7911336e-01   3.4752692e+00  -9.3089896e-01  -9.0759075e-01   2.7932011e-01  -5.8713519e-01   2.0000000e+00
  -5.9202053e-01   8.3831184e-02  -7.1631546e-01   4.5067448e-01  -8.2209603e-01   4.0726566e-01   2.4100540e-01  -8.1841059e-01  -6.4801805e-01  -1.3191168e+00  -2.5134114e-01   2.3706602e-01  -1.3397372e+00   2.0000000e+00
  -1.5281811e+00   3.0761571e-01   2.0174785e+00   1.5123418e-01   2.2814148e-01  -8.7099376e-01   7.3116516e-04   1.9135370e+00  -9.4503451e-01  -5.4268108e-01   1.1924080e+00  -1.5730549e-01  -4.4423607e-01   2.0000000e+00
  -1.9593077e+00  -1.4289521e+00   4.8655389e-01   4.5067448e-01  -8.2209603e-01   2.9541796e-01  -1.9291686e-02   4.6721177e-01  -2.6364382e-01  -8.5325539e-01   6.2365833e-01  -4.2491473e-01  -9.9360379e-01   2.0000000e+00
  -1.1340082e+00  -8.4711240e-01   4.8655389e-01   8.9983495e-01  -1.1021594e+00   4.2324390e-01   2.6102825e-01   5.4756317e-01  -9.6250606e-01  -9.3089896e-01  -1.2009122e-01   8.1453860e-01  -1.1492050e+00   2.0000000e+00
  -2.4273880e+00  -7.3969583e-01  -6.0696370e-01   6.0039464e-01  -1.0321435e+00   2.6346147e-01   1.4089114e-01   1.2707258e+00   7.3223488e-01  -1.3622521e+00   3.2924067e+00   3.6382829e-01  -1.0793433e+00   2.0000000e+00
  -1.4542737e+00  -7.7550136e-01  -1.3724260e+00   3.9078642e-01  -9.6212770e-01  -5.0349418e-01  -4.2976015e-01  -4.9700500e-01  -1.0639981e-01  -1.3406845e+00  -3.2591273e-02   1.0117244e+00  -7.9989609e-01   2.0000000e+00
  -7.1519955e-01  -6.5018203e-01  -6.4341428e-01   8.9983495e-01   5.7822065e-01  -4.7153769e-01   6.0799723e-02  -1.7559941e-01   3.3372624e-02  -1.2932356e+00   4.4865844e-01   4.9059057e-01  -1.2762265e+00   2.0000000e+00
  -2.8407297e-01   9.7896926e-01  -1.4088766e+00  -1.0465271e+00  -1.3822227e+00  -1.0627327e+00  -7.8016007e-01   5.4756317e-01  -1.3294087e+00  -7.1522236e-01  -1.1263406e+00  -6.9252397e-01  -1.1904870e+00   2.0000000e+00
  -1.2325515e+00   9.7896926e-01  -1.3359754e+00  -1.4820613e-01  -8.9211187e-01  -4.7153769e-01  -3.8971445e-01   6.5454780e-02   4.8763309e-01  -1.6296911e+00  -1.2009122e-01   6.1735284e-01  -5.8078411e-01   2.0000000e+00
  -1.9100361e+00   5.6977042e-02   1.9494920e-01   1.5123418e-01  -2.6196936e-01   9.6650416e-01   7.6159956e-01  -3.3630220e-01   4.1774687e-01  -7.7992533e-01  -6.8884088e-01   1.0962325e+00  -3.8707642e-01   2.0000000e+00
  -1.7745392e+00  -2.5632128e-01   3.1474467e+00   2.6964768e+00   1.3483948e+00   1.4138950e+00   3.0542162e+00   8.6896873e-01   4.8763309e-01   4.0629593e-01  -1.2009122e-01   1.5187734e+00  -8.9516217e-01   2.0000000e+00
  -7.1519955e-01   1.8741073e+00   1.3249174e+00   2.0975962e+00   1.5812565e-01  -1.5197284e-01   1.0084543e-01   5.4756317e-01   2.0808820e-01  -1.2846086e+00  -1.6384119e-01   7.1594572e-01  -1.2127158e+00   2.0000000e+00
   6.0828283e-02   3.1004465e+00  -8.6211780e-01   6.0039464e-01  -9.6212770e-01   5.1911336e-01   6.2143960e-01  -4.9700500e-01   7.3223488e-01  -1.0603049e+00  -9.9509069e-01   6.8777632e-01  -1.1650827e+00   2.0000000e+00
  -1.3926842e+00   1.7666908e+00   8.5597449e-02   4.5067448e-01  -1.2421910e+00   9.0259119e-01   1.0018738e+00  -1.2201676e+00   2.3046749e+00  -9.7403428e-01  -9.0759075e-01   1.4483500e+00  -1.1650827e+00   2.0000000e+00
  -1.1463261e+00  -1.5785609e-01  -7.1631546e-01   4.5067448e-01  -1.0321435e+00   4.8715687e-01   6.2143960e-01   6.5454780e-02  -4.2088782e-01  -9.9128841e-01  -4.2634104e-01   9.4130087e-01  -1.1714338e+00   2.0000000e+00
  -7.0288165e-01  -7.2179307e-01  -2.7890842e-01   6.0039464e-01  -9.6212770e-01   7.1085227e-01   1.1220109e+00   2.2615758e-01   3.1291753e-01  -4.8229163e-01  -1.1700906e+00   3.2157420e-01  -1.2539977e+00   2.0000000e+00
  -1.4912274e+00  -1.8471023e-01   1.5071703e+00   2.6964768e+00  -5.4203270e-01  -2.6382054e-01   2.1097112e-01   1.7528342e+00   2.9544598e-01  -8.8776364e-01   5.4908675e-02  -2.4181367e-01  -8.9198664e-01   2.0000000e+00
  -7.7678907e-01  -6.3227927e-01  -2.4245783e-01   1.4987156e+00  -8.2209603e-01  -1.2001635e-01   4.2121107e-01   3.0650897e-01   5.4004776e-01  -1.2673544e+00  -2.9509111e-01   2.3706602e-01  -1.2857531e+00   2.0000000e+00
  -1.1832798e+00   1.7577394e+00   4.9146863e-02   7.5011479e-01  -1.3822227e+00  -3.1175526e-01  -2.7958876e-01   4.6721177e-01  -4.2088782e-01  -1.0603049e+00  -7.3259085e-01  -5.8712613e-02  -5.2997554e-01   2.0000000e+00
  -1.7321185e-01  -8.8291793e-01  -1.6955666e-01  -4.4764643e-01   1.5584423e+00  -1.2544716e+00  -7.8016007e-01  -1.2201676e+00  -1.1372216e+00  -4.1327512e-01  -8.6384077e-01  -1.8615538e+00  -3.7119874e-01   3.0000000e+00
  -1.4857605e-01   5.8510851e-01   1.2204803e-01   1.5123418e-01   2.9815732e-01  -1.5900147e+00  -8.1019435e-01  -9.7911336e-01  -1.3294087e+00   1.4748402e-01  -9.5134072e-01  -1.6784528e+00  -6.8875234e-01   3.0000000e+00
  -2.3480136e-01  -2.3585384e-02   1.2204803e-01   1.3489954e+00  -1.2193769e-01  -1.8296883e+00  -9.4034289e-01  -7.3805920e-01  -1.3294087e+00   2.7688998e-01  -1.3013405e+00  -1.7629609e+00  -5.9348626e-01   3.0000000e+00
  -3.7029829e-01   1.0863858e+00  -2.3754310e-02   6.0039464e-01   4.3818899e-01  -9.5088498e-01  -8.3021720e-01  -1.5415732e+00  -1.3119372e+00  -2.5057256e-02  -7.7634083e-01  -1.8615538e+00  -4.6646482e-01   3.0000000e+00
  -6.0433843e-01  -9.8138311e-01  -4.2471076e-01  -5.9736658e-01  -1.0321435e+00  -4.7153769e-01  -1.4509256e+00   1.9135370e+00  -5.9560339e-01   1.6905168e-01  -9.0759075e-01  -1.5516905e+00  -3.0768802e-01   3.0000000e+00
  -4.9347731e-01   1.1068533e-01  -6.0696370e-01  -2.9792627e-01  -4.0200103e-01  -1.0787109e+00  -1.3708342e+00   2.1545912e+00  -1.1372216e+00   8.8078445e-01  -9.9509069e-01  -1.4530976e+00  -1.6478891e-01   3.0000000e+00
  -9.2460389e-01   2.1336974e+00   6.3235624e-01   4.5067448e-01  -7.5208020e-01  -1.4621887e+00  -1.5610513e+00   1.3510772e+00  -1.3818234e+00  -5.2111342e-01  -9.0759075e-01  -1.8897232e+00  -8.5400512e-02   3.0000000e+00
  -5.7970263e-01   2.8408564e+00   9.9686210e-01   1.6484357e+00  -2.6196936e-01  -8.0708079e-01  -1.4309028e+00   2.1545912e+00  -8.5767673e-01  -2.5057256e-02  -6.0134093e-01  -1.2981659e+00  -7.3638537e-01   3.0000000e+00
   6.0281600e-01   1.1221913e+00  -6.4341428e-01   1.5140315e-03  -8.2209603e-01  -1.0787109e+00  -1.5510399e+00   1.7528342e+00  -1.2420510e+00   2.7688998e-01  -6.4509090e-01  -1.1150649e+00  -5.2997554e-01   3.0000000e+00
  -1.9784766e-01   5.5825437e-01   8.8751034e-01   1.3489954e+00   8.8109814e-02   3.9766064e-02  -1.4309028e+00   1.3510772e+00  -1.3643519e+00  -5.9565511e-02  -2.9509111e-01  -6.5026988e-01  -4.9822018e-01   3.0000000e+00
  -8.6986545e-02   4.2398365e-01   1.2155656e+00   4.5067448e-01  -2.6196936e-01  -1.2065369e+00  -1.5310170e+00   1.3510772e+00  -1.4691812e+00  -1.9759853e-01  -8.2009080e-01  -4.2491473e-01  -4.6646482e-01   3.0000000e+00
   4.4268327e-01   2.0019914e-01  -6.0204896e-02   1.5123418e-01  -7.5208020e-01  -1.4302323e+00  -1.5310170e+00   6.5454780e-02  -1.6613683e+00   2.3375466e-01  -1.1263406e+00  -1.9955958e-01   1.0513165e-01   3.0000000e+00
   6.3976970e-01   7.4623336e-01   1.2884668e+00   1.1992753e+00  -1.9195352e-01  -1.1905586e+00  -1.5109942e+00   1.1100230e+00  -1.8186123e+00  -3.0543683e-01  -2.9509111e-01  -7.7703216e-01  -7.2050769e-01   3.0000000e+00
   7.6294873e-01   2.3395791e+00  -6.0204896e-02   1.5123418e-01  -5.4203270e-01  -4.7153769e-01  -1.2306742e+00   8.6896873e-01  -9.9744918e-01  -2.8386917e-01  -2.0759117e-01  -7.9111685e-01  -6.2524162e-01   3.0000000e+00
  -9.2460389e-01   1.3817814e+00  -6.0696370e-01  -2.9792627e-01   8.5828399e-01  -1.4621887e+00  -1.2506971e+00  -5.7735640e-01  -7.8779050e-01   1.3595865e+00  -1.3450905e+00  -8.6154034e-01   3.4329684e-01   3.0000000e+00
   1.9632522e-01   1.1042886e+00  -7.8921663e-01   4.5067448e-01   1.5812565e-01  -1.2704498e+00  -1.4809599e+00   5.4756317e-01  -5.0824560e-01  -4.5641044e-01  -1.5638404e+00  -1.3122506e+00   2.6390844e-01   3.0000000e+00
   1.0832142e+00   2.4201415e+00  -4.9761194e-01   1.5123418e-01  -1.3822227e+00  -2.1013185e+00  -1.6911999e+00   3.0650897e-01  -1.5914821e+00  -6.8192574e-02  -1.6513403e+00  -1.8052150e+00  -1.0539390e+00   3.0000000e+00
  -1.6089395e-01   2.0352322e+00   4.1365272e-01   6.0039464e-01  -9.6212770e-01  -9.5088498e-01  -1.3808456e+00   8.6896873e-01  -1.2769941e+00   1.1180287e+00  -1.8263402e+00  -1.0587261e+00  -3.8707642e-01   3.0000000e+00
   3.9341166e-01   8.0889302e-01   4.9146863e-02   6.0039464e-01  -5.4203270e-01  -5.8338539e-01  -1.2707200e+00   7.0826595e-01  -5.9560339e-01   1.4501706e+00  -1.7825902e+00  -1.3967588e+00  -3.0768802e-01   3.0000000e+00
   9.7781990e-02   1.3996841e+00  -2.3754310e-02   6.0039464e-01   9.2829983e-01  -1.4142540e+00  -6.4000010e-01  -1.7559941e-01  -7.8779050e-01   1.8728968e+00  -1.6950903e+00  -1.8052150e+00  -6.2524162e-01   3.0000000e+00
   6.1513390e-01   7.0147646e-01   9.2396093e-01   1.3489954e+00   1.6284582e+00  -1.4302323e+00  -4.5979443e-01  -1.1398162e+00  -5.9560339e-01   1.5278142e+00  -1.6075903e+00  -1.8474691e+00  -7.8401841e-01   3.0000000e+00
  -2.5943717e-01   2.9866433e-01   4.1365272e-01   7.5011479e-01   8.5828399e-01  -1.3024063e+00  -6.7003438e-01  -9.7911336e-01  -5.7813183e-01   2.4767912e+00  -2.0888400e+00  -1.6080293e+00  -8.4752913e-01   3.0000000e+00
   1.3473571e-01  -3.9059199e-01   1.3978186e+00   1.7981559e+00   1.1383473e+00  -1.5197284e-01  -7.5012579e-01  -8.1841059e-01  -5.3985156e-02   8.8078445e-01  -1.5200904e+00  -1.8052150e+00  -1.0221836e+00   3.0000000e+00
   2.8255053e-01   8.6260131e-01  -3.1535901e-01  -2.9792627e-01  -1.2193769e-01  -7.9110255e-01  -1.2006400e+00   1.9938884e+00   4.8763309e-01   2.3560123e+00  -1.7388402e+00  -1.5516905e+00  -2.2829963e-01   3.0000000e+00
  -5.1811312e-01  -9.3662621e-01  -9.7146956e-01   1.5123418e-01   2.2814148e-01  -1.3024063e+00  -1.4509256e+00   1.3510772e+00  -3.3353004e-01   1.0964610e+00  -1.6513403e+00  -1.4953517e+00  -3.3944338e-01   3.0000000e+00
   2.0864312e-01   2.5544123e+00  -1.6955666e-01   7.5011479e-01  -4.7201686e-01  -8.8697200e-01  -1.4008685e+00   1.9938884e+00  -7.1456713e-02   1.2258670e+00  -1.5638404e+00  -1.5939446e+00  -6.9522834e-02   3.0000000e+00
   1.0339426e+00   1.5966145e+00   4.9146863e-02   1.5140315e-03  -7.5208020e-01  -7.9110255e-01  -1.2006400e+00   9.4932013e-01  -5.3985156e-02   1.7046690e+00  -1.6950903e+00  -1.3685894e+00  -8.4752913e-01   3.0000000e+00
  -6.7824585e-01   6.2091403e-01   9.9686210e-01   2.2473163e+00  -1.9195352e-01  -6.3132012e-01  -1.4509256e+00   2.1545912e+00  -7.8779050e-01   1.0533257e+00  -1.2575905e+00  -1.2418272e+00   4.2268524e-01   3.0000000e+00
   1.6498377e+00  -5.8752236e-01   1.2155656e+00   1.6484357e+00  -1.2193769e-01   8.0672173e-01  -7.2009151e-01   1.3510772e+00   1.9377723e+00   3.4257682e+00  -1.6950903e+00  -9.1787912e-01  -2.7593266e-01   3.0000000e+00
   5.9049809e-01  -5.9647374e-01   9.9686210e-01   8.9983495e-01  -7.5208020e-01   4.8715687e-01  -9.3033146e-01   1.2707258e+00   1.2214385e+00   2.8865768e+00  -1.6950903e+00  -1.1714037e+00  -4.0295410e-01   3.0000000e+00
  -7.8910697e-01   1.3370245e+00   4.9146863e-02   4.5067448e-01  -8.2209603e-01   7.8095781e-03  -1.1105371e+00   1.1100230e+00  -9.6250606e-01   1.1180287e+00  -1.7388402e+00  -1.4530976e+00  -7.2050769e-01   3.0000000e+00
   8.4917404e-01   8.2679579e-01   6.3235624e-01   1.5123418e-01   5.0820482e-01  -7.4316782e-01  -1.4709485e+00   1.1100230e+00  -1.3818234e+00   3.5453355e-01   1.1158701e-02  -1.1150649e+00  -2.1242195e-01   3.0000000e+00
  -1.8552975e-01   8.3574717e-01   7.7815859e-01   7.5011479e-01   4.3818899e-01  -1.0307762e+00  -1.4309028e+00   1.9135370e+00  -1.1022785e+00   2.2512759e-01  -3.8259106e-01  -7.0660867e-01  -5.6173090e-01   3.0000000e+00
  -5.0032838e-02   9.9687202e-01  -6.0204896e-02  -2.9792627e-01   4.3818899e-01  -1.4462105e+00  -1.3307885e+00   3.0650897e-01  -1.1372216e+00   9.5721642e-02  -1.2138406e+00  -1.2136578e+00  -2.2829963e-01   3.0000000e+00
   9.6003516e-01   3.7922675e-01  -2.4245783e-01   7.5011479e-01  -6.8206436e-01  -1.5101235e+00  -1.3508114e+00   3.8686037e-01  -9.7997762e-01   1.9505403e+00  -1.1263406e+00  -1.3122506e+00  -4.1883178e-01   3.0000000e+00
   8.9844565e-01   1.8114477e+00  -3.8826018e-01   8.9983495e-01  -8.2209603e-01  -1.6219712e+00  -1.5610513e+00   1.2707258e+00  -7.7031895e-01   6.7373491e-01  -7.7634083e-01  -1.2136578e+00  -7.2050769e-01   3.0000000e+00
   5.5354439e-01   1.2206565e+00   8.5105976e-01   1.0495551e+00   7.8826816e-01  -9.5088498e-01  -1.1105371e+00   5.4756317e-01  -2.2870071e-01   2.4250288e+00  -4.7009101e-01  -1.4812670e+00  -1.6478891e-01   3.0000000e+00
  -2.2248346e-01   9.2526097e-01  -2.4245783e-01   1.5140315e-03  -8.2209603e-01  -1.3024063e+00  -1.3708342e+00   3.0650897e-01  -1.0848070e+00   2.2438605e+00  -1.0388407e+00  -1.2136578e+00  -1.9654427e-01   3.0000000e+00
   7.1367712e-01   2.1810190e-01   1.1791150e+00   1.4987156e+00   3.6817315e-01  -1.1905586e+00  -1.1906285e+00   2.2615758e-01  -8.8928269e-02   1.5536954e+00  -9.5134072e-01  -1.1432343e+00   9.8655652e-03   3.0000000e+00
   4.9195487e-01   2.0262808e+00   1.7987750e+00   1.6484357e+00   8.5828399e-01  -5.0349418e-01  -1.0704914e+00  -7.3805920e-01  -8.4020517e-01   1.4846789e+00  -1.2575905e+00  -9.7421791e-01  -3.7119874e-01   3.0000000e+00
  -9.8619340e-01   6.2091403e-01  -1.6955666e-01  -1.4820613e-01  -2.6196936e-01  -1.6699059e+00  -1.5410285e+00   3.0650897e-01  -1.5041243e+00   1.9061934e-01  -1.3013405e+00  -1.1009802e+00  -7.5226305e-01   3.0000000e+00
  -2.8407297e-01   4.8025661e-02  -3.1535901e-01   1.5140315e-03  -9.6212770e-01  -1.4462105e+00  -1.5210056e+00   9.4932013e-01  -1.6613683e+00   2.0885729e+00  -1.6950903e+00  -1.3826741e+00  -8.7928449e-01   3.0000000e+00
   1.4281155e+00   1.5544223e-01   4.1365272e-01   1.5123418e-01  -6.1204853e-01  -9.8284146e-01  -1.3307885e+00   6.2791455e-01  -6.1307494e-01   2.0023027e+00  -1.4763404e+00  -1.2699965e+00  -2.7593266e-01   3.0000000e+00
   8.7380985e-01   2.9661758e+00   3.0430096e-01   3.0095433e-01  -3.3198519e-01  -9.8284146e-01  -1.4208913e+00   1.2707258e+00  -9.2756295e-01   1.1395964e+00  -1.3888405e+00  -1.2277425e+00  -2.1889795e-02   3.0000000e+00
   4.9195487e-01   1.4086355e+00   4.1365272e-01   1.0495551e+00   1.5812565e-01  -7.9110255e-01  -1.2807314e+00   5.4756317e-01  -3.1605849e-01   9.6705510e-01  -1.1263406e+00  -1.4812670e+00   9.8655652e-03   3.0000000e+00
   3.3182214e-01   1.7398366e+00  -3.8826018e-01   1.5123418e-01   1.4184107e+00  -1.1266456e+00  -1.3407999e+00   5.4756317e-01  -4.2088782e-01   2.2179793e+00  -1.6075903e+00  -1.4812670e+00   2.7978612e-01   3.0000000e+00
   2.0864312e-01   2.2705328e-01   1.2696277e-02   1.5123418e-01   1.4184107e+00  -1.0307762e+00  -1.3508114e+00   1.3510772e+00  -2.2870071e-01   1.8297614e+00  -1.5638404e+00  -1.3967588e+00   2.9566380e-01   3.0000000e+00
   1.3911617e+00   1.5787118e+00   1.3613680e+00   1.4987156e+00  -2.6196936e-01  -3.9164648e-01  -1.2707200e+00   1.5921314e+00  -4.2088782e-01   1.7866261e+00  -1.5200904e+00  -1.4249282e+00  -5.9348626e-01   3.0000000e+00
